stnid	lat	lon	mean_tmax[c]	mean_tmin[c]
11084 31.0581 -87.0547 25.8795969590661 11.1672366420328
12813 30.5467 -87.8808 25.3210294872445 13.8831718177032
13511 32.7017 -87.5808 25.2028077771785 11.7609305297324
13816 31.87 -86.2542 24.2868210568424 11.2656266569034
15749 34.7442 -87.5997 22.1535737471037 10.1400887038188
17157 34.1736 -86.8133 22.5313552971092 8.26905260592208
17304 34.6736 -86.0536 22.0780672864888 8.17087312720239
17366 32.41 -87.0153 25.0629633646029 12.6108405468752
18024 33.4164 -86.135 23.6692588272399 9.52367045161972
18178 31.5411 -87.8833 24.560807187213 11.5277583754192
18323 31.8075 -85.9722 24.7157741619075 12.3474902757669
18380 33.2119 -87.6161 24.0820923679645 11.3414398471855
18438 32.0142 -85.7464 24.2586992623264 10.9174423096493
18469 34.5667 -85.6128 21.225235280265 7.29309366634955
23160 35.2681 -111.7428 16.644512313073 -3.49948743706295
26250 34.1547 -114.2897 31.2240282642502 14.5468351594573
26353 31.9356 -109.8378 25.9316577039801 7.55914529518865
26796 34.5706 -112.4322 20.7426006286451 3.9493929917749
27281 33.6731 -111.1508 27.383691738379 12.9676388821408
27370 33.08 -111.7417 30.673125228146 11.836721492146
27390 32.815 -109.6808 26.7046915363621 8.30671539088861
27435 34.5172 -109.4028 21.3135024459793 2.78949692241107
27716 35.3322 -112.8797 22.1230389503453 2.65318956037604
28619 31.7056 -110.0569 25.3452093796481 9.9683411201399
29271 33.8169 -109.9833 22.3627544396605 3.96474024456448
29287 33.9792 -112.7403 29.0351275775901 9.09332824061544
29359 35.2406 -112.1903 17.5435817008305 2.84747410965872
30936 34.8822 -91.2153 22.0591429307862 10.1342763242342
31596 35.0842 -92.4289 23.1616657197666 10.3087905694467
31632 36.4197 -90.5858 21.441023856067 9.49478145239713
32356 36.4164 -93.7917 20.8884298426034 8.84503993834357
32444 36.1006 -94.1744 20.8664157884277 8.80534649841095
32930 36.4261 -94.4481 21.3429886921295 8.06778842647864
34572 36.4947 -91.535 21.256529616618 6.87181207370059
34756 34.5731 -94.2494 21.8672175272077 9.51716504178342
35186 35.6042 -91.2744 21.8004124423001 10.1869110277374
35754 34.2256 -92.0189 23.2901708391988 11.3847522265831
35820 36.2639 -90.9681 21.4223633363261 8.81695461156061
35908 33.8203 -93.3878 23.7220674674864 10.8684106290594
36928 35.3028 -93.6369 22.6410934971927 10.0311996468966
40693 37.8744 -122.2589 18.5234607258047 9.68056996442731
40924 33.6131 -114.5972 31.2930350300565 13.4601032601358
41614 41.5336 -120.1736 16.7389342687924 2.12785020125829
41715 39.6911 -121.8211 24.0919363770254 8.4815081979732
41758 32.64 -117.0858 20.8194947545331 12.3429252498087
41912 39.0911 -120.9481 21.5376393714342 8.00034378108148
42239 32.9897 -116.5872 19.1692500698702 4.42194731856482
42910 40.8097 -124.1603 14.8100462488382 8.20882201292627
42941 34.7042 -118.4275 21.7962824267457 9.90123112795279
43257 36.78 -119.7194 24.7134488786681 10.297264378094
43747 36.3219 -119.6356 24.6033435202294 9.01859528016365
43761 41.8042 -123.3758 21.898649987072 4.69748610351696
43875 38.6175 -122.8731 23.2664046426008 8.13620261532635
44259 33.7086 -116.2153 31.934641238978 15.320619087361
44890 36.3817 -119.0264 25.284079729027 9.72657477574747
44997 37.6922 -121.7692 23.0207805429509 7.69302168103928
45032 38.1061 -121.2878 23.3382440692052 8.03775712984891
45532 37.2858 -120.5117 24.8352839325091 8.59228011501812
45983 41.3206 -122.3081 17.1992505238413 2.76393858439931
46074 38.2778 -122.2647 22.0921346244566 8.04157662879738
46118 34.7675 -114.6189 30.1898771774833 16.1453202430414
46175 33.6025 -117.8803 19.7032745994604 12.947870869861
46399 34.4478 -119.2275 25.4577550022332 7.67570607596565
46506 39.7458 -122.1997 23.8641793298737 9.27055354309227
46508 41.3089 -123.5317 21.5849794371955 6.57756661150492
46730 35.6278 -120.6856 24.7977035872281 5.43699207077453
46826 38.2578 -122.6078 21.4258233118901 7.36050556013913
47195 39.9367 -120.9475 20.8335803799637 1.04490011132812
47306 34.0528 -117.1894 26.200266116547 10.0388674056272
47851 35.3056 -120.6639 21.7196670078593 8.5425537076376
47902 34.4167 -119.6844 21.5847174444913 10.8430928548028
47916 36.9906 -121.9911 20.2167086204629 7.70166075271841
47965 38.4381 -122.6978 21.8740580827198 7.2641642099398
48702 40.4167 -120.6631 17.7677706170362 1.26259042326777
49122 39.1467 -123.2103 23.0926288448172 7.1435165692355
49452 35.5975 -119.3531 25.7870149557513 9.80590944454194
49490 40.7222 -122.9331 21.7268075299226 3.07313599421055
49699 39.5231 -122.3058 24.2190658443194 8.80121935630308
49866 41.7036 -122.6408 19.2364809936922 2.7228660873189
50848 39.9919 -105.2667 18.6198237514708 3.613830635109
51294 38.46 -105.2256 19.9322416354355 4.02580320095033
51528 39.2203 -105.2783 17.1335419815902 -2.59021276629294
51564 38.8236 -102.3486 19.5595545854891 2.7670736293377
52184 37.6742 -106.3247 14.4313954958811 -2.48796573016192
52446 38.4775 -102.7808 20.3673268084043 2.9126331963067
53005 40.6147 -105.1314 17.323677786757 1.97659923564871
53038 40.26 -103.8156 17.8549519537945 1.51404653411706
53146 39.1653 -108.7331 19.1884440223405 1.3318199365042
53662 38.5258 -106.9675 12.6641225859347 -7.03281478126459
53951 37.7717 -107.1097 11.2737073398023 -8.72510021262156
54770 38.0936 -102.6306 20.7100842539791 3.28944568324638
54834 38.0636 -103.2153 21.8391466214455 3.10125805056704
55322 37.1742 -105.9392 15.271576483337 -3.86784922770707
57167 38.0392 -103.6933 21.6183092593896 2.29935350329815
57936 40.4883 -106.8233 13.1610087207829 -4.90257631078912
58429 37.1786 -104.4869 19.6226269984012 3.05406470512134
59243 40.0583 -102.2189 19.8136018910507 2.19563019018952
62658 41.95 -73.3667 15.4425159150017 2.24782938694151
68138 41.795 -72.2283 14.3579454659473 4.35733596841602
72730 39.2583 -75.5167 19.2760884103793 8.22516226440231
80211 29.7258 -85.0206 24.9703918746832 15.6866984552712
80228 27.2181 -81.8739 28.9123693982879 15.7577341333206
80478 27.8986 -81.8433 28.8950012625568 16.7199158943
82850 25.8489 -81.3897 28.7961049548829 18.2822574764296
82915 29.755 -81.5389 26.7922741128271 15.4156612772635
83163 26.1019 -80.2011 28.6470864129055 19.7966051997476
83186 26.585 -81.8614 29.0284656913708 18.2285267362805
83207 27.4622 -80.3539 28.0072100208361 17.6849503946714
84289 28.8031 -82.3125 28.0102703019594 14.9970175227385
84570 24.555 -81.7522 28.1653515635359 22.8163924054352
84731 30.1853 -82.5942 26.5412595001154 13.8774742616138
85275 30.4517 -83.4119 26.6151268378789 13.7788718368953
86414 29.0803 -82.0778 28.218363319143 15.1614267390493
86997 30.4781 -87.1869 25.0201901437289 15.1358280485738
87851 28.3378 -82.26 28.5214253634786 16.4126573175315
88758 30.3931 -84.3533 26.2927154866886 13.2300768679934
88824 28.1586 -82.7644 27.6295130042066 17.071198702231
88942 28.6242 -80.8158 27.6300657732435 16.4419620947951
90140 31.5339 -84.1489 25.6829761912879 11.9562315895083
91340 31.1681 -81.5022 25.8223441454766 14.8246899644222
91500 31.1903 -84.2036 26.047218382048 12.9215460514844
92318 33.5972 -83.8436 22.9678014109917 10.2112482103536
92966 32.2003 -83.2058 25.0238236243708 11.9626670641579
93621 34.3006 -83.86 21.3968908935341 9.61123711056736
93754 31.9881 -81.9522 25.4276998965201 12.7125830918077
94170 33.2842 -83.4681 25.218764148207 11.1625268130161
95874 33.0831 -83.2497 24.2850362247159 9.84276422262678
96335 33.4544 -84.8178 22.9970276210018 9.95611870830387
97847 32.13 -81.21 25.0710730253707 13.2241860490435
98535 32.6875 -84.5197 24.0893982884559 10.1887615309338
98703 31.4461 -83.4767 24.9814185054039 12.6542422123734
98740 34.5786 -83.3319 22.3644015302331 10.034406086331
99141 33.4028 -82.6222 23.6207434031335 10.3191232058853
99186 31.2514 -82.3128 26.6889968951011 11.8772766384617
99291 32.8694 -85.1892 23.8226328801948 10.2601220685238
100010 42.9536 -112.8253 15.0863643665736 -0.959675942152374
100470 44.0425 -111.2739 12.4888380755672 -1.9210254765392
101408 44.5733 -116.6753 16.7543937904602 1.01176302240754
101956 47.6789 -116.8017 15.0785404142735 3.12195070633022
103143 46.0931 -115.5356 16.1079967467809 2.89445977734425
103631 42.9403 -115.3231 20.2442274250925 2.65879281685558
103732 42.5872 -111.7275 14.1285606838489 -1.7252160615736
104140 42.5972 -114.1378 16.5890347645629 1.66493672096813
104295 42.3528 -114.5739 16.6619110280108 2.00293166277293
104670 42.7325 -114.5192 17.4046605612662 2.22089505393877
104831 47.5311 -116.1267 14.9765684446754 2.06897649518585
105241 46.3747 -117.0156 17.3946976115131 5.56766857488318
105275 42.1231 -111.3139 12.4773152574621 -2.00638724745028
105462 43.9181 -113.6317 13.0846933238372 -2.6423551763862
105559 42.1492 -112.2872 16.077159066922 -0.796991916972439
105685 44.5664 -113.8953 14.7873505656553 -2.74990947629902
106152 46.7244 -116.9608 14.8975859388509 2.33438398014677
106388 44.9647 -116.2864 13.8455799719322 -3.55632831908297
106542 42.2342 -113.8981 16.2060252293956 2.22542303608291
106891 44.0772 -116.9297 18.7721428675419 3.18840414986365
107264 48.9958 -116.5031 13.9158475142827 0.96253734402215
107386 48.3514 -116.8358 13.2468686589061 0.3345593289023
108137 48.2928 -116.5578 13.5832710433657 1.56820166392743
110072 41.1961 -90.7478 15.8591577622227 4.0500228799376
110187 37.4814 -89.2344 19.8543627103555 7.90967568190399
110338 41.7806 -88.3092 15.4833178041676 3.83133243706896
111280 39.2883 -89.8703 18.140381694707 6.35225537134745
111436 39.4761 -88.1653 17.5999694334206 6.53431128807892
112140 40.1389 -87.6483 17.3750321527359 5.62254331605016
112193 39.8275 -88.9525 17.8159365576484 6.03741962693387
112483 37.9878 -89.1931 19.4784558030274 7.48828896394253
113335 41.1744 -90.0356 15.7597696520654 4.17585926623754
113879 37.7408 -88.5244 20.4023209369637 7.81394149008761
114108 39.15 -89.4833 18.8206321650491 6.71561523889347
114198 40.4744 -87.6561 16.4948702022154 5.56699306222981
114442 39.7347 -90.1978 17.4938774519551 5.21099028977778
114823 40.5839 -90.9686 16.8571578283265 4.53964511491591
115079 40.1514 -89.3381 17.3752636219826 5.47240007125012
115326 42.2928 -88.6469 14.8018159527207 2.81291158182652
115712 40.9125 -89.0339 16.0949146227451 3.93636824415666
115768 40.9247 -90.6392 16.6852937478611 4.92813790268514
115833 41.8039 -89.9744 15.8539188547361 3.42502133975085
115901 42.0981 -89.9842 15.10963853379 2.40591388040461
115943 38.3483 -88.8533 18.5613168617346 6.89103538549012
116446 38.7003 -88.0819 18.8790835321505 6.98332628848992
116526 41.3283 -88.9106 16.3875046078871 5.10104941190227
116558 39.0028 -87.6225 18.8574441716363 6.68333127956635
116579 39.3722 -89.0242 17.8621073890756 6.5292213637835
116610 39.6356 -87.6933 17.2976206098961 6.17127649042981
116910 40.8853 -88.6389 16.1916074438657 5.20277190935205
117551 40.1158 -90.5608 17.0883145324932 5.2961090871764
118147 38.1167 -89.7167 18.988576812348 7.16848683960788
118740 40.0839 -88.2403 16.546735897854 5.75045406303343
118916 41.5519 -89.5989 15.6607409703509 4.11880809942177
119241 39.4411 -90.3789 17.7886603408645 6.0205563811931
119354 39.4381 -88.5986 17.9925819385116 6.49213527249489
120177 40.1122 -85.7175 16.2518639231923 5.61457779023237
120200 41.6397 -84.9897 14.0078775118281 3.21353496131268
120676 40.6683 -84.9305 16.1829085137614 5.37110670419592
120784 39.1742 -86.5214 17.8053559123731 6.53334820819849
121030 39.4239 -85.0128 17.7752120932954 4.56663756529941
121229 39.8667 -85.1833 16.2631991389898 3.77179374936698
121747 39.1978 -85.9211 17.6294912830894 5.71517707202927
122149 40.615 -86.6661 17.0743509503428 5.26714131090994
123418 41.5575 -85.8825 15.4145017792818 4.76659951479723
123513 39.6439 -86.8767 17.0506872743193 5.52197257041863
123527 39.7858 -85.7611 16.7621855754604 5.42939896387323
124008 41.5422 -87.2881 15.7507959466384 4.24783446089794
124837 41.6117 -86.7297 15.1510079491083 4.9911730762814
125237 38.7369 -85.3942 19.0042129585469 7.2387041990853
125337 40.58 -85.6586 15.8816845086736 4.30601830214269
126001 37.9286 -87.8956 19.1997208402901 7.76885396361755
126580 38.8894 -86.5519 17.9662522103786 5.50312313953684
126705 38.5556 -86.4858 18.8522865699048 5.56586409869785
127125 38.3567 -87.5906 19.0443586962258 7.52537722263069
127482 41.0658 -86.2094 15.3694597532878 4.00488442252509
127522 39.7594 -87.2269 17.8052011585582 6.02891315657154
127646 39.6042 -85.4528 16.4740635262408 5.02095905349849
127755 38.6111 -86.0889 18.684384816039 6.27445106080868
127875 38.6886 -85.785 18.6146550695362 6.1090884152585
127935 38.9822 -85.9822 17.9554333961964 5.24419133459433
129080 38.7436 -85.0761 19.1312466685227 6.87905279476831
129253 38.6489 -87.1989 18.6523414314996 7.51067420849259
129511 41.1947 -87.0578 15.6923582350296 3.41578826062052
129557 39.9961 -86.3542 16.8230387809337 5.03654543000851
129670 41.0267 -86.5867 15.7528435743288 4.25506790588372
130112 41.0656 -92.7867 16.4472168035474 4.98161024497967
130133 43.0683 -94.3053 13.8932165444979 2.18410860401808
130600 41.8814 -92.2764 15.075046534523 3.2595028090037
131402 43.0775 -92.6714 14.0175520828275 2.49152599401348
131533 40.7244 -95.0192 16.6184536996626 4.04865072588594
131635 41.7947 -90.2639 15.5435243232729 4.50499412792043
132724 43.43 -94.8219 13.2978599163561 1.39363673129561
132789 41.0211 -91.9553 16.4358640553635 4.91947799470157
132864 42.8503 -91.8158 13.6315101014295 1.69652043818107
132977 43.2844 -93.6306 13.1448608928 1.7870928515182
132999 42.5836 -94.2006 14.4385230398875 2.61326854535427
134063 41.3656 -93.6481 16.2169828952031 3.95513723457118
134142 42.5189 -93.2536 14.4484820257178 2.48668136770341
134735 42.7817 -96.1458 15.2328862761602 2.35415818470152
134894 41.6381 -95.7883 16.2678463546548 3.63927817722188
135769 40.7053 -94.2428 16.0308714446587 4.13139938395773
135796 40.9486 -91.5647 16.4793076292573 4.9168031610401
135952 43.0453 -92.3122 13.4282265676114 2.30442293123331
137161 42.3969 -94.6292 14.7081346137898 2.77879721100868
137979 42.6347 -95.1694 13.8111398120057 1.81124322524272
138296 42.0356 -92.5806 14.6909044824814 2.78360799254623
138688 41.2828 -91.7067 16.428066387419 4.64765580860877
140365 37.1942 -99.7633 21.7110442979963 5.0990189870057
141704 37.2706 -99.3272 21.6605052876124 7.18185395374422
141740 37.1764 -94.8397 20.3667141896003 8.05323926899133
142401 37.8183 -96.8444 20.3112705455987 7.22247139013523
142459 38.7278 -98.2267 20.0325633527433 5.56044039733929
142835 37.8428 -94.7086 20.3390685040445 8.04277028910062
143527 38.8586 -99.3358 19.339724093341 4.66231211545722
143810 39.6703 -95.5225 18.7997569018941 5.71361335555611
143954 37.2364 -95.7003 20.7757332331188 7.96713177772652
144464 37.9411 -101.2492 20.5673095497594 4.44493610073267
144559 38.9583 -95.2514 19.3978184899779 7.74778214717523
144588 39.3256 -94.9189 18.7688273131476 6.53358195112909
144695 37.0222 -100.9294 22.044766994697 6.14046094163179
144972 39.1972 -96.5814 19.5902158523688 6.2554523638075
145152 38.3772 -97.6097 20.1337482443931 6.55784375857253
145363 39.1247 -97.7047 20.0711291372515 6.48024080135536
145856 39.7408 -99.8356 19.0768893134718 3.93604307409808
146128 38.6133 -95.2808 19.6840647699113 7.25825110494297
147093 39.7675 -101.8097 19.5396254360771 3.21387440653827
147271 38.4819 -100.9189 20.2569972560433 3.98473913866273
147305 37.1317 -96.1861 21.244465991432 7.17790913905386
148495 39.0297 -99.8831 19.116741652753 4.80681586335771
150619 37.5733 -84.2908 19.503226808271 7.73735114235949
150909 36.9647 -86.4239 20.1376424918474 8.06347177087513
152791 38.1167 -83.55 19.5999010765518 6.16427907905863
153430 37.2592 -85.5022 20.2153661247045 6.77485165994943
153762 37.7558 -87.6456 19.9298186679374 8.24921713313894
153994 36.8492 -87.5206 20.235100804445 7.49327409595044
154703 37.5108 -86.2892 19.4609238451115 7.09251837253485
160098 31.3206 -92.4611 25.3221266024697 13.2857723025229
160205 30.7094 -90.525 25.8282320276256 12.6880336628793
160537 32.7689 -92.0056 24.5625591534861 11.8130229044606
160549 30.5372 -91.1469 25.686734535224 14.0853879526767
161411 32.5133 -92.3478 24.6528596160977 11.3755591110622
162534 30.0717 -91.0275 26.0882969389274 14.343256660369
163313 29.8233 -91.5442 25.527083225251 14.7609044912367
163800 30.4192 -92.0439 25.990174384567 13.9949446048629
164407 29.5858 -90.7303 25.8243748435738 14.9391342248765
164700 30.2003 -92.6642 25.4794738850934 14.3227986724104
165026 30.205 -91.9875 25.6530028499417 14.7045606141121
166664 29.9167 -90.1303 25.9559120551838 16.2079658014547
168163 31.9497 -91.2336 24.9292659844105 12.5977255319216
169806 32.0994 -91.7019 24.8832424144025 12.2219763712637
170814 45.6603 -69.812 9.81620960990675 -1.99510416876826
171628 44.9197 -69.2417 12.3932927665555 -0.502834925402532
172426 44.9067 -66.9919 11.4677528558552 2.21980897942546
172765 44.6889 -70.1567 12.1465834193061 -0.866973859662252
173046 44.2203 -69.7889 13.1876511582312 0.944663736336862
176905 43.6497 -70.3003 13.0464641757745 2.32595416239441
176937 46.6539 -68.0089 10.461716075657 -0.758327983270967
179891 45.1572 -67.4044 12.8291488555923 0.0252455418049365
180700 39.0303 -76.9314 18.2710738222462 6.29273723524882
181750 39.2167 -76.0519 18.6404569361211 7.59806926214676
185111 39.0847 -76.9003 18.9373445714245 8.01113519996183
186620 39.4133 -79.4 15.2042705809892 2.59295486484083
187330 38.2122 -75.6822 20.8436584356523 7.39488417259411
187806 38.7144 -76.1897 19.2249120335265 8.90210952041119
188000 38.365 -75.5892 19.9051905211227 8.65607254219708
190120 42.3861 -72.5375 15.4751785227673 2.75720421467699
190736 42.2122 -71.1136 14.2974836731018 4.70455767311188
194105 42.6992 -71.1658 15.3100614823177 4.43629896273058
200032 41.9164 -84.0158 15.0699637232999 3.32311834391678
200146 43.3864 -84.6492 14.2738917026314 2.73827507082544
200230 42.2947 -83.7108 15.011809376128 4.66577608647387
200779 43.7072 -85.4822 13.4660165072978 1.38712168240555
201492 45.6528 -84.4725 11.6869777878212 1.37913771622473
201675 41.9622 -84.9925 14.427293733661 3.64113560526324
202423 44.2839 -83.5036 13.0622845131925 1.85992672441566
203632 43.6747 -86.4239 13.0767186244909 2.71728219479415
203823 41.9353 -84.6411 14.1494848318222 2.68751500667135
204090 45.7858 -88.0842 11.8367290650879 -0.556002740806202
204104 46.4656 -90.1892 10.2739138408059 -1.14182064205658
205650 42.6083 -82.8183 14.0529890634251 4.49164643246086
205662 43.5858 -84.7697 13.5267266968832 2.41796537789502
205690 46.4122 -86.6625 10.528870420926 0.496444652766219
206300 43.0161 -84.18 14.1391277962389 3.00412986349443
207690 42.4011 -86.2833 14.1600012739509 5.36424997798815
207812 46.0556 -88.6275 10.9486760199671 -2.38214518869179
210018 47.2992 -96.5161 11.303336640945 -1.02388140633687
210075 43.6064 -93.3019 12.7441013076724 1.71140923742906
210252 48.3311 -96.8253 10.3165563416754 -2.65595120730213
211630 46.7047 -92.5253 10.82097379983 -1.7948076724887
212142 46.8372 -95.8372 11.2095919785833 -1.33598743800396
212698 43.6447 -94.4656 13.0912131680572 2.35557545548976
213290 43.7047 -92.5644 11.9275786435366 0.900132061496206
213303 47.2436 -93.4975 10.8594054570873 -1.83008892666236
214106 47.2256 -95.1919 10.4865905092134 -2.7472958096766
214652 47.2467 -94.2228 10.9321155491444 -1.32597189324388
215400 45.1219 -95.9269 13.0186140426021 0.377823080562489
215435 44.8831 -93.2289 12.6441314267849 2.35902322455503
215563 44.9364 -95.7536 12.9615564866755 0.68974335669078
215615 45.8775 -93.3147 11.9173632356855 -1.16201306032718
215638 45.5903 -95.8747 11.2854357990871 -0.206989682070081
216360 46.9006 -95.0678 10.8052424672378 -1.850443293498
216547 46.6694 -94.1089 11.5598938729863 -1.19105050300198
216565 44.0139 -96.3258 12.8923373601227 -0.104973535842165
217405 44.3222 -93.9656 13.4886287158393 1.5333898516184
217460 46.7953 -93.3211 11.807440873594 -0.716502751215222
218419 47.0258 -91.6653 9.95734059730576 -0.117297596961388
219046 43.7692 -94.1872 12.6960080563443 1.34721794414352
220021 33.83 -88.5214 23.539736772404 10.7367737072235
220488 34.3061 -89.9806 22.932160849879 9.74726640157436
220955 34.6628 -88.5797 21.9648856471101 9.87636709122024
221094 31.5447 -90.4581 24.7217678511591 11.8199463665834
221389 32.6714 -90.0361 24.5139192012517 10.8915145793146
221707 34.1864 -90.5572 22.7834771370662 11.4046155756348
221865 31.2503 -89.8361 25.6688319571698 12.6239485353621
221962 34.8792 -88.6178 22.6262582995612 9.58600562207091
222094 31.9461 -90.3775 25.013366268328 12.6594488876222
223107 32.36 -89.4208 24.7025545776992 10.8091118581631
223605 33.3592 -91.06 23.5273353172356 11.4133659310687
223887 31.2547 -89.3392 25.2790922752629 12.3472210617658
223975 34.8161 -89.9853 22.4833875332712 10.6633149633342
224776 33.0583 -89.5797 23.6649440476415 10.3814624918094
224939 31.6756 -89.1236 24.7732855063173 11.8069157877086
225247 33.1353 -89.0711 23.0587487374637 10.7281357068578
225987 31.5519 -90.1058 25.3845654270612 11.3743729135497
226009 33.4519 -90.5094 23.7396012819364 11.9500275485373
226177 31.5889 -91.3408 24.9528009819428 12.7808875253867
226718 30.3964 -88.4781 24.7496981851794 14.3119583316942
227128 30.8408 -89.5453 25.4612654378352 13.4712290000168
227132 31.985 -90.9719 24.5299311827183 10.968774772419
228374 33.4692 -88.7822 23.4924003452552 11.0513731932325
229079 34.3803 -89.5358 22.540134506167 9.64255531371504
229400 34.1583 -89.6311 22.9283005968491 9.6329952231335
229439 31.6772 -88.6708 25.2184777092669 11.0432940385905
229793 31.0928 -91.2328 25.4607855455539 12.7757410037928
230204 38.1869 -94.0281 19.6623284254119 6.93689873870173
231037 39.4247 -93.1331 17.99718513868 6.19641947230192
231364 36.1686 -89.6642 20.9931444478704 9.72753216246832
231711 38.395 -93.7711 19.269208367336 6.12950968481206
231822 40.2394 -94.6833 16.975310588656 5.03122353202378
232289 36.6206 -90.8125 21.3545611011197 6.66819553301972
232809 37.7922 -90.4103 19.2816502131937 6.35318850355396
234271 38.585 -92.1825 19.3265745564551 6.0889378716265
234705 37.4994 -94.2697 19.4927383441889 7.2729459762244
234825 37.685 -92.6936 19.7911526108714 7.4868555319246
235253 37.3036 -89.9664 20.3841831916198 6.88613755566334
235541 39.1756 -91.8861 18.0177415682692 5.58243778188719
235671 39.4194 -92.4369 18.1997398144986 6.67428461907145
235834 37.1528 -92.2636 19.1686206297781 7.05324389468894
235976 36.8639 -94.36 20.8163282582467 7.32458635947141
238051 39.9714 -91.8872 17.7201230573957 5.90815036641552
238523 40.475 -93.0031 16.5309898022699 4.59656478569628
238725 38.835 -91.1386 18.1041753679147 5.83056088032452
240199 46.1314 -112.9569 13.9980027594548 -1.18458025562469
240364 47.4931 -112.3964 15.2581074276445 -0.628811296049867
240780 45.8328 -109.9503 15.781944772611 1.00726592266214
241044 45.6622 -111.0453 13.6913758304182 -0.0399229168336925
241552 47.2194 -111.71 14.9822579571679 0.475815833398198
241722 48.5883 -109.2256 14.0749396324425 -1.72917634499798
241737 47.8206 -112.1919 14.0560119610485 -0.303121204912082
242173 48.6033 -112.3753 11.7879043599072 -1.56776662755044
242409 45.2128 -112.6447 14.4602635485109 -1.22657173072605
242689 45.8903 -104.5461 14.1288534549102 -0.152466508597045
242793 45.3394 -111.7111 14.0148352531506 -0.724408466621345
243013 46.8511 -108.3133 15.8564735096782 -0.141562860778628
243110 48.4983 -109.7972 13.9737782170973 -1.0509706817505
243558 48.2139 -106.6214 12.5122051253523 -0.682873030591275
243581 47.1064 -104.7183 15.1654763121517 0.495693996128331
243751 47.4733 -111.3822 13.7238224883911 0.68756040107091
243885 46.2553 -114.1642 14.9712571598671 0.625390416207533
244038 44.8667 -111.3392 9.56715572971908 -4.67060500000521
244055 46.6056 -111.9636 13.7260749112858 -0.182001334379534
244345 45.9228 -108.2444 15.9985222156786 -0.383110944981588
244364 45.9353 -107.1375 14.6191284480091 -2.03501394717331
244522 47.3144 -106.9103 15.5422369055797 -0.962554549001909
244558 48.3042 -114.2636 12.6188570963492 -0.415076819933577
245015 48.4036 -115.5392 15.4359266553869 0.321868670514048
245572 48.4828 -104.4514 12.6583014593576 -1.65952053605629
245690 46.4267 -105.8825 14.6251450477875 1.13287553473423
245761 47.0575 -109.9514 13.2333778637988 -0.69941509824573
246157 45.4856 -111.6325 14.763154677243 2.37914235125171
246601 46.4178 -104.5164 14.3730031988991 -1.3637434581164
246918 45.1797 -109.2497 12.5281707870083 -0.78908674008181
247382 47.4536 -104.3378 14.0648054670821 -0.465549804121647
248501 48.3089 -112.2511 13.3126852114059 -0.555027994062931
248569 47.88 -105.3686 13.2242968229481 -0.905524046304266
248597 45.2925 -111.9481 13.1199644038517 -1.46487600860889
250130 42.1103 -102.8967 16.756937965295 1.0876701121452
250375 41.0406 -96.3775 17.0774363696595 3.89070221313639
250420 42.5136 -99.0303 15.9161995903312 2.70385624103782
250435 40.3703 -95.7467 17.904107035159 5.11288924318079
250640 40.1306 -99.8278 20.1907440310031 3.16996851874613
251145 41.6675 -103.1042 18.627316458861 1.60357288213301
251200 41.4083 -99.675 16.7220588771152 1.59236324619056
252020 40.6194 -96.9469 17.574598914456 4.73255390354231
252100 40.6742 -100.4936 18.8728624695929 1.99872225681978
252205 41.2492 -97.1328 16.3441385966724 3.71137395390838
252820 40.0739 -97.1669 17.6405930401656 4.14254760862628
252840 40.6422 -97.5928 17.535809161475 3.89405799021898
253175 40.5314 -97.5964 17.5109557696281 4.87045239433845
253185 41.4514 -97.7644 17.0580134991371 3.25418913790247
253365 40.94 -100.1522 17.63616119004 2.98698356724971
253615 42.6858 -103.8842 14.3782265119904 -0.41469308960137
253630 42.6167 -97.2608 16.1256050411633 3.07228167911501
253735 40.175 -97.5903 17.6188847978181 4.35418664925187
254110 40.5208 -101.655 18.1699794890312 2.77332665140513
254440 41.2453 -103.6344 16.7798954295842 0.700924755023037
255080 41.8292 -97.45 16.2036120753421 2.51994261789333
255565 40.5156 -98.9514 17.8434494555819 3.81550464696229
256135 42.0678 -97.9675 15.8107248814372 2.10688741591611
256970 42.065 -100.2472 16.8553358946572 1.25955392234323
257715 40.9 -97.0908 17.1884889145844 4.67571044444831
258395 40.6825 -96.1886 17.4795120676891 3.97761812490481
258465 40.3544 -96.1939 17.4222894917368 3.93311916608904
258480 41.7861 -96.2264 16.5752352470833 3.75859461999196
258915 42.2667 -96.8617 16.1645171207864 2.65651570865601
260507 39.4931 -117.0675 16.3982186667087 1.57681771672047
260691 40.6117 -116.8917 19.3094622292557 0.420224541928656
262573 40.8289 -115.7886 16.8454044492198 -0.916209318597417
262780 39.4572 -118.7811 19.7094119330847 1.79216385122221
264950 39.4136 -114.7733 16.1482011748029 0.550642436188424
265168 38.3844 -118.1056 20.9857028343482 4.36958316497247
266779 39.4839 -119.7711 19.5851727972615 1.69237933200891
267369 35.4661 -114.9217 24.0882814058184 11.1577116752338
269171 40.9017 -117.8081 18.7487190547913 0.0942048604809405
272174 43.15 -70.95 15.1389319382889 2.16605517498664
272999 45.0875 -71.2872 9.15888125769219 -3.13195633977776
273850 43.7031 -72.2847 13.5823570774118 1.60175768340509
274399 42.9389 -72.3244 14.7717938832498 1.3729576406747
280325 39.3792 -74.4242 16.2894933047717 9.37289032890257
280907 40.9 -74.4 16.444418148582 5.00423814650751
281582 41.0347 -74.4233 15.3112045979009 2.98701324522779
283029 40.5631 -74.8831 17.2257679752332 4.49267004190388
283951 40.265 -74.5642 17.3688623151558 5.95250976793855
284229 39.8144 -74.7883 18.5489510074111 5.67807641583594
284987 40.2797 -74.0047 16.6826407985222 7.04815343078687
285728 39.9511 -74.9697 18.5301671296839 6.34715967793533
287079 40.6036 -74.4025 17.6534008695395 6.22474853523933
288816 39.95 -74.2167 17.5010579067733 5.21044392549819
290692 36.835 -108.0006 20.2386449222331 1.87866205219945
291469 32.3478 -104.2225 25.5045998297335 8.63003637970657
291515 33.6308 -105.8964 22.2391789720877 4.53456996725257
291664 36.9178 -106.5781 14.967549320595 -3.41688791655337
291813 36.4661 -104.9456 18.4261633548233 1.28413222291385
291887 36.4486 -103.1539 19.8083986232904 4.24761369246878
292608 36.9358 -107 17.4760299481476 -3.2662387581916
292848 33.1461 -107.1844 23.8105327811769 8.77227660985553
293265 32.7939 -108.1517 21.1327080692048 4.97326380051161
293294 34.4667 -104.2319 23.1137595455062 5.84656092779172
294369 35.7783 -106.6872 19.6919008797548 2.75028680577099
294426 32.6169 -106.7411 24.9752521460718 4.37215772511618
295273 33.8225 -108.9417 19.1736639297732 -3.05743458998256
295965 34.5208 -106.2606 20.1491072277584 2.1497658876675
296435 32.3789 -106.0911 25.2711243036436 7.68317267953446
297323 36.7058 -105.4036 13.233480223639 -4.76390346391829
297610 33.3075 -104.5083 23.89116325408 7.85164015239651
297867 35.1086 -103.3283 23.3251334308829 6.75286596926207
298501 36.3628 -104.585 20.661325945581 1.01964714866289
299156 35.2006 -103.6867 23.3777498813145 6.55839331511096
299165 33.0719 -106.0417 24.3620005647066 7.76067792280799
300023 42.1014 -77.2344 14.4041438544189 1.68382928255835
300042 42.7431 -73.8092 14.4248771251952 3.21313459295774
300085 42.2614 -77.785 13.4566754938203 1.21361099248651
300093 42.1003 -78.75 13.2709130304924 1.13912041660884
300183 42.3017 -77.9889 14.2149914587752 0.818900198377044
300321 42.9328 -76.5447 12.83960334982 2.73859626689777
300687 42.2067 -75.98 12.612110152611 3.34607483534045
300889 40.9464 -72.3067 15.2439574969428 6.15953220456185
301012 42.9408 -78.7358 13.5666675158963 4.4659595116
301185 44.5772 -75.1097 12.1517338221633 0.749682761050772
301401 44.8786 -73.3953 12.8134639595378 1.48102005743417
301752 42.7167 -74.9267 13.6114392067284 1.47342458355505
301966 44.7192 -73.7206 12.0486242354356 1.52850776107209
302610 42.0997 -76.8358 14.8569352420571 2.32782622046092
303033 42.4497 -79.312 14.3885918192623 4.99142207150951
303773 42.7747 -77.6083 13.9206682804669 3.02054142750765
304102 43.755 -74.2692 10.868654397856 -1.52628455985108
304174 42.4489 -76.4489 13.3772814470199 2.43699533373463
304555 44.2444 -73.9847 11.3369143535569 -1.28225104075484
304791 43.0603 -74.8686 12.5071145082077 0.900420863618865
304912 43.7975 -75.4817 12.303624632754 0.844809750140813
305426 41.7681 -74.155 14.0272826695129 4.90275361310477
305512 42.8417 -75.7264 11.958531880709 0.687287883773102
305801 40.7789 -73.9692 16.9951109848087 8.61299237133307
306085 42.5117 -75.5197 13.8748200735958 1.15681119002769
306164 44.7281 -75.4442 12.8481515821959 1.55022977478092
306314 43.4622 -76.4933 13.0909159808102 4.60600532370473
306774 41.38 -74.6847 15.8700670876123 3.62236490275448
306820 41.5997 -73.91 15.6540186560546 3.65497762554278
307167 43.1167 -77.6767 14.0895679157111 3.98369776248937
307633 40.9586 -73.1047 16.5974544008573 6.86387526561585
308383 43.1092 -76.1033 14.1353062022274 3.75001291911977
308600 42.75 -73.6831 14.8721877728988 3.77534558929798
308631 44.2308 -74.4383 11.1109321431748 -1.13079581759598
309000 43.9761 -75.8753 12.8522698721778 2.65178732657213
309292 41.3906 -73.9608 16.427180656062 5.71914498732728
310090 35.3992 -80.1994 22.2283322590783 9.07732676445828
311677 35.9086 -79.0794 21.448088960343 8.20235347231795
312635 36.0164 -76.5517 21.9923261554487 10.7658080492088
312719 36.3097 -76.205 21.7654196285142 10.1427957632176
313969 36.3481 -78.4119 21.3739810545883 7.37117287029326
313976 35.3297 -82.4492 19.9304023391584 7.0285761362459
314055 35.0536 -83.1892 16.6199157173948 5.78834641453176
314684 35.1967 -77.5433 22.5519748707633 9.56313075437919
314938 35.915 -81.5378 21.4871952485153 7.71056672592506
315123 36.1028 -78.3039 22.0886248242632 6.87047271768377
315177 34.6269 -79.025 22.8732095648328 9.54971183576672
315340 35.6631 -82.0292 21.3344932813114 7.40233066283203
315356 35.8036 -82.6658 19.7453362665706 5.81723898181895
315771 34.9797 -80.5233 22.4685532126578 9.52211413498611
315830 34.7336 -76.7358 22.4228992242663 12.4285739132499
315838 35.7308 -81.6717 21.6978693656998 7.57035842451447
315890 36.4992 -80.6508 20.7045877690868 6.70522249361196
317615 35.6836 -80.4822 21.9320994071427 9.07025864698648
318113 33.9947 -78.0078 22.6860338588164 11.2778136509227
318292 35.81 -80.8808 21.5514240412862 7.47245572420827
318500 35.8847 -77.5386 22.3867193269477 9.35241498778307
318694 36.3919 -81.3039 16.8815788218555 3.73219809357904
319147 35.4867 -82.9683 19.3515407293906 5.07259885742373
319476 35.6939 -77.9456 22.3717538337168 9.55564745044458
320941 48.8214 -100.4447 9.57255649652488 -3.09569963885117
321871 48.9075 -103.2944 11.3007705226167 -1.85700848462294
322188 46.8911 -102.8111 12.4958793040741 -2.18595713263797
323287 46.1581 -98.4 12.4834739869916 -0.668724303216622
323594 48.4181 -97.4247 10.3856390809798 -1.59316145242315
323621 47.9217 -97.0981 10.4438166417259 -1.03007565683513
324203 47.4389 -97.0664 11.4721218497653 -0.56928979747416
324418 46.8844 -98.685 11.6256496410525 -0.637535163881344
324958 48.7622 -98.3447 8.76635754970339 -3.56479352226431
325220 46.4522 -97.6822 12.296421157982 -1.04293103520998
325479 46.8128 -100.9097 11.9746700633157 -0.95023855993297
326255 46.5067 -99.7692 11.5574706588691 -1.42848213928265
326315 46.5414 -102.8692 13.1667307340088 -0.882343600450948
326947 48.9711 -97.2417 9.63896258366482 -3.04560813905579
327530 46.8886 -102.3192 12.4211338695926 -0.013982417079304
328792 48.3706 -100.3908 10.6011130377655 -3.280041410619
329445 48.6061 -100.2911 10.1410688140663 -3.61256185689368
331072 40.8128 -82.9694 15.2623911701922 3.96002114525742
331541 41.0517 -81.9361 15.389487012483 3.77183469827995
331592 39.6106 -82.9547 17.8823317595442 5.95784104481073
332098 41.2778 -84.3853 15.4227297774829 3.88281832277268
332791 41.0461 -83.6622 15.4541652294917 4.88823509979454
333375 40.1 -84.65 15.9370182429537 3.95215554460409
333758 39.2 -83.6167 16.5507168315893 5.71239282511884
333780 41.3 -81.15 14.7635550980707 4.01853026472328
334189 40.6489 -83.6061 16.0296419803359 4.57636491711069
335041 39.6539 -81.8569 17.8041588237514 4.28320307951516
335315 40.7692 -80.8561 15.9509867434819 3.18687980429687
336118 41.2667 -82.6167 15.1773376128779 4.36988217543981
336600 39.8386 -81.9167 16.4385966201821 5.31512246750362
336781 38.7569 -82.8872 18.7533195932266 6.66723857818106
338313 41.1167 -83.1667 15.4767023226092 4.76497328066753
338534 40.8333 -83.2833 16.1844530559725 4.83535850719013
338552 40.1 -83.7833 16.1871886852288 4.49701298851516
338769 41.2 -80.8167 15.8603487262998 3.32351316905119
338822 41.5183 -84.1453 15.2767994536807 3.69791080625035
338830 39.1114 -82.9797 18.4379441063565 5.07877044647936
339312 40.7833 -81.9167 15.1403026361781 4.14699150137711
340017 34.7864 -96.685 22.8225900512213 9.73250319498605
340179 34.5903 -99.3344 24.4258406685613 9.26833305206713
340256 34.2208 -95.615 23.6423387991018 10.0008129115631
340548 36.7683 -96.0261 22.2848881294984 8.43464403802732
340593 36.8125 -100.5308 22.0420889416994 5.57771425220781
340908 36.7236 -102.4806 21.9509828498843 4.41108923257496
341243 36.8003 -99.6403 23.2069205303407 7.15521004448584
341828 36.3225 -95.5808 21.5654791631021 8.44741778187455
342678 34.0003 -96.3686 23.3900804338431 10.0704192263074
342912 36.4194 -97.8747 22.0421269824989 9.32820515940061
342944 35.2164 -99.8628 22.9644371481039 7.48114812711604
343628 36.5914 -101.6181 21.9299147496809 5.09992141286165
343821 35.8161 -97.395 22.7537440897796 9.21094706939491
344055 36.0942 -97.835 22.2028482084948 8.81170605905548
344204 34.9894 -99.0525 22.7456385741415 9.27928524038888
344235 35.0567 -96.3861 22.611502430078 9.50270486372226
344298 36.8589 -101.2172 21.677560507759 5.25377463555951
344573 36.7222 -97.7903 22.2329794034357 7.75760808094371
345509 34.8911 -99.5017 24.1049708197064 8.53056549786652
345779 35.505 -96.9767 22.2205167564556 8.95607634077024
345855 36.8833 -94.8833 21.1374210415518 8.12060519262701
346130 35.7781 -95.3339 22.2294814277713 9.72530585138704
346139 36.2283 -99.17 21.7181902682296 7.00593512494514
346278 36.8914 -97.0586 20.9625208667607 8.30916257000549
346629 36.1217 -98.315 23.072420041772 8.51968412266752
346638 35.4253 -96.3033 22.6333135826877 10.4186985229908
346670 35.6239 -96.025 22.9600644608846 9.02943833436949
346926 34.7253 -97.2814 23.750571525547 9.68339342557923
346935 36.6692 -96.3472 21.964234581001 8.4686109606193
349422 35.52 -98.6986 22.3454398833885 8.73805364872749
350304 42.2128 -122.7144 18.6666360674033 3.83273686590914
350412 44.8428 -117.8086 15.2309085255498 -0.12838677730319
350694 44.0569 -121.285 15.697105581572 0.262852255277028
351765 45.2325 -120.1817 15.3320667348158 2.21353605667038
351862 44.6342 -123.19 17.1365933930226 5.43662663971651
351897 43.7917 -123.0275 17.6069569292539 4.5400293943577
351946 42.8967 -122.1328 9.08251712140369 -2.59477382806666
352135 42.9447 -117.3389 16.7390817725896 -0.854251284196796
352406 43.6656 -123.3275 18.5409520502485 5.38865215937289
352440 45.4539 -121.1303 17.452809826714 2.3938877487956
352997 45.5247 -123.1028 17.5845726112844 5.52640674237026
353445 42.4244 -123.3236 19.9764727780381 5.17452275274149
353770 45.4486 -122.1547 16.1538289386549 5.96877853464826
353827 45.3653 -119.5639 17.1816774894063 3.83304334325817
354003 45.6847 -121.5175 16.3671458263671 4.54790218411666
355362 44.1781 -122.1156 18.548770244877 3.84982362236863
355384 45.2214 -123.1622 17.6324440435133 5.24712007295378
355593 45.9428 -118.4089 18.4226646318796 6.35713900360746
355734 45.4825 -120.7236 15.5109431780881 3.33795146694013
356032 44.6431 -124.0556 14.2401949853842 6.5591638528677
356073 43.4133 -124.2436 15.2363432053924 7.52150064834735
356426 42.6922 -120.5403 16.9872833701025 1.23873019399808
356883 44.3022 -120.8081 17.6123437130669 -0.0539194888331569
356907 42.7342 -122.5164 18.6935556095954 2.63976101242443
358746 45.2081 -117.8758 15.448212675394 2.01188433913923
358797 43.9814 -117.2439 18.3315644314674 2.73441773144812
358997 45.5722 -117.5314 15.7336509851849 0.0836339316342173
360106 40.6508 -75.4492 16.3169234684561 5.34630831835466
361354 39.9353 -77.6394 16.9848440953576 5.51673244203061
362682 42.08 -80.1825 13.8718457013335 5.16228156815365
363028 41.4003 -79.8303 15.1030524372881 2.99107000987879
367477 41.42 -78.7497 14.3585494656768 1.14913305143629
367931 40.7831 -76.8611 16.0759231422592 4.32494841546822
368449 40.7933 -77.8672 15.1160043030516 4.61233275665104
368905 41.7511 -76.4431 15.3803012679369 3.1662063359634
369050 39.915 -79.7192 17.2612071663808 4.78053690271812
369298 41.85 -79.15 14.840921066639 3.09275956930273
369408 41.7003 -77.3894 12.9804863526107 1.99628084574725
369464 39.9708 -75.635 17.886025517233 5.70642203107612
369728 41.2433 -76.9217 15.8227565163955 4.768622519137
369933 39.9167 -76.75 18.4441801147487 5.48489101961374
374266 41.4906 -71.5414 15.8809037033291 4.08568664361377
376698 41.7219 -71.4325 15.6026175707191 5.55929803571876
380165 34.5283 -82.6606 23.072058791416 9.74993071460664
381549 32.78 -79.9319 22.9659380564126 15.4316728854944
381588 34.7319 -79.8833 22.9842183509349 9.486712368125
381770 34.6603 -82.8236 22.4956683397056 9.61279648393871
381944 33.9831 -81.0167 24.7557642035733 12.106157336226
383754 34.1997 -82.1711 22.6615389485902 9.16246612010449
385017 34.4989 -82.0219 23.010297114415 8.7718274670188
385200 34.1942 -81.415 23.141653530287 11.0587155001642
386209 34.2978 -81.6236 23.8434442654752 9.93671819194619
387631 33.9978 -81.7747 23.6945607900657 9.54787778596433
387722 34.635 -81.5206 22.9793006666672 10.2298560596812
388426 33.0367 -80.2325 24.3201739714057 11.3343451952792
388440 33.9364 -80.3569 23.9714943012595 10.6816367826346
388887 34.7483 -83.0842 22.1655523543185 8.35334165874237
389327 34.3739 -81.0928 22.9613562609984 10.0213289581607
389350 34.9381 -81.0317 22.5612324193028 10.4498903017494
389469 32.68 -80.8417 25.5978185452237 10.9384158150323
390020 45.4433 -98.4131 12.8197455514978 -0.174569182379222
390043 43.4892 -99.0631 15.7535622405739 1.65534140137249
390128 43.6567 -97.7853 15.1415587188933 2.57949695711322
391392 43.3056 -96.5917 14.7903282018075 1.62448860029227
391739 44.8817 -97.7325 12.4773377228329 0.314896590651515
391972 43.9611 -101.8606 16.5443014856523 -0.00630098314692999
392429 45.0481 -101.5992 14.8178525236782 0.638488414396321
392797 45.7644 -99.6353 12.6103750331226 -0.468372347536969
392927 45.0364 -99.1342 14.0258704890053 0.335035137794113
393029 44.0422 -98.07 14.7927970033055 1.32763138678394
393832 44.5222 -99.455 14.5835071169453 0.677920044346302
394007 43.4378 -103.4739 17.3103767672023 0.744422562922914
394037 44.0122 -97.5242 14.1744479974086 1.26896674406135
394516 43.9072 -99.8628 16.3439517737805 1.28592659243354
395456 45.155 -98.5825 13.4229580710419 -0.579752943633472
395481 43.2358 -97.5714 15.8177508280997 2.11590941130772
395891 43.8894 -100.7078 15.6731033015008 1.76682435601363
396947 44.115 -103.2828 15.7000050821257 1.8037745832885
398622 42.7625 -96.9194 16.3828303474272 2.60225184655962
398932 44.9047 -97.1494 11.9687287347189 -0.0791974759753316
399442 43.4978 -100.4794 16.4547134956641 1.72407627836479
401790 36.5467 -87.3567 21.0333546495355 8.11679760386539
402108 35.5497 -89.7 21.3605875470718 9.45570947629659
402202 36.0147 -85.1311 18.4658896794146 6.25369809444476
402489 36.0747 -87.3936 21.0698663035348 8.35197830942411
402589 36.4819 -87.8628 20.6479750920781 7.89179131691877
404561 35.6214 -88.8456 21.2835152297231 9.41498957855176
405187 35.4139 -86.8086 21.0342935968203 7.48231409963707
405882 35.6717 -85.7811 21.2638371985458 8.84499960812579
406371 35.9203 -86.3728 21.3769862732639 8.24097767951491
406534 35.9833 -83.2008 20.9566025278916 7.42425591826785
407884 36.4161 -82.9839 20.4760637173431 7.11267166675378
409155 35.3453 -86.2089 21.0626183189747 8.64264634369287
409219 36.3925 -89.0317 20.4111119758998 8.11557940271836
409502 35.3042 -87.7592 21.3065050910491 6.82250733805031
410174 30.3764 -103.66 24.9718867658141 8.96827652137608
410493 31.7414 -99.9764 26.1693571060987 11.0525706045011
410498 30.9844 -103.7403 26.6784655903419 9.13316496866926
410639 28.4575 -97.7061 27.4245183323673 15.1173067919824
410832 30.1058 -98.4286 25.6167430030897 11.6384596817046
411048 30.1592 -96.3972 26.5158891082274 14.0112720411972
411138 31.7383 -98.9456 25.7448371497617 11.1937206224779
412015 27.7742 -97.5122 27.4413224189795 17.002351541134
412019 32.1078 -96.4747 25.0290151889517 12.4486657341274
412121 33.6517 -101.245 23.2746638457928 7.71236581264612
412266 29.0567 -96.2319 26.6083985334467 15.0882105217862
412598 32.0628 -98.3047 24.1330167790955 11.0800849205492
412679 28.7567 -100.4789 28.2573157014164 14.7678751193866
412797 31.8111 -106.3758 25.4707992855087 10.3532951851843
412906 28.0239 -99.3508 29.4748930663061 14.7027855088271
413063 27.1394 -98.12 28.9070710381091 15.6002637306006
413183 29.6778 -97.1111 26.5187969457836 14.8188720385178
413280 30.9072 -102.9153 26.5305383420372 10.287861953105
413734 33.1678 -96.0983 23.8758113743833 11.185254275667
413873 29.4706 -96.9397 27.363238138409 14.647009368576
413992 33.1578 -99.7456 24.8911918014163 10.5940976155682
415018 31.0717 -98.1847 25.4043356423738 10.9857212441275
415429 29.6753 -97.6564 26.704372509273 13.3346734971717
415618 32.5403 -94.3508 24.3454469462371 11.9864151637146
415707 31.1333 -102.2217 26.4024142095866 11.3955425452483
416276 29.7192 -98.1189 26.9021538774984 13.5828664817878
416794 33.6744 -95.5586 23.7929167011206 11.6474246420232
417079 34.1892 -101.7022 22.5406668435247 7.39872933794567
417622 26.3769 -98.8117 30.1763984410367 16.3225310547693
417945 29.5333 -98.47 26.7041572860624 14.6219616335962
418201 32.7136 -102.6597 24.6803299388335 7.85072769572719
418433 32.71 -100.9111 24.3167929793942 8.95145226290307
418692 36.3372 -102.0753 21.3368666307381 4.63183296056195
419532 32.7483 -97.77 24.4091675378134 10.7169673465836
420086 37.4403 -112.4819 16.2740021106059 -0.534518434495952
420738 37.6131 -109.4847 18.1927038584851 3.17938229599182
420788 37.2828 -109.5578 21.5626868446083 3.36722583639654
422101 39.2872 -112.6519 19.04023096421 0.819607503090693
422253 40.1678 -110.395 15.8165256930983 -0.382951874590732
422592 37.7686 -111.5978 18.9576402996342 1.56452429619594
422828 38.9664 -112.3278 18.2395727331666 3.14935694568749
422996 40.2842 -109.8611 16.5122994012178 -1.22979725816582
423611 38.3706 -110.7153 21.5724951925556 2.86941563349853
423809 40.4917 -111.4261 16.3310586451046 -1.25030829424326
424856 41.825 -111.3208 13.4536366499774 -1.68811274819917
425065 39.5608 -111.8653 17.7144542092752 1.31195355534635
425186 41.7456 -111.8033 15.1030573957977 2.97191820557008
425402 39.2583 -111.6306 16.4874076929359 1.10746034253374
425477 38.45 -112.2292 18.420323798502 -0.100306704090179
425733 38.5744 -109.5458 22.6171794218304 5.62901355665647
425826 41.0428 -111.6722 16.4586234986991 -0.828686101989264
426404 41.2442 -111.9464 17.4997277443802 4.66258415114409
427260 38.7619 -112.0775 18.530540354379 0.193866723209731
427516 37.1069 -113.5611 25.6269393429614 8.72562167913699
427714 39.2453 -112.1067 17.4702312286828 -0.273106826501852
428119 40.0797 -111.6044 18.1670430978441 4.02881567967902
428771 40.5278 -112.2975 17.1650945202951 4.64932024536205
429111 40.4269 -109.5531 16.0827035663207 -0.601904962752292
429382 40.7206 -114.0358 16.9272590386703 5.42097393062546
429595 41.525 -111.1494 12.8260774256444 -4.80209089299004
429717 37.2083 -112.9842 24.24357824018 8.54941843524455
431081 44.4681 -73.1503 12.5316715147672 2.07464818808433
431243 43.3847 -72.5989 13.508324638602 -0.209792173876727
431580 43.9572 -73.2106 13.3252082307789 1.81715019810704
432769 44.9094 -72.8083 13.0973775610745 0.439603451846956
437054 44.42 -72.0194 13.4083239838823 0.728863373067294
441209 37.0925 -81.3358 15.8230800692403 3.38930535580202
441593 38.0325 -78.5231 19.5598613560929 8.31263312430683
442208 38.4553 -78.9353 18.3783909209226 5.39826286387723
442941 37.3264 -78.3864 20.9829681876146 6.92185729337059
444101 37.2992 -77.2772 22.2205476489383 9.56684715667664
444128 37.9969 -79.8317 17.2201294088368 4.35741041877284
444876 37.795 -79.4136 19.9391412490419 5.96663094863134
444909 39.0878 -77.6928 19.4183146453809 6.50762332870741
446139 36.9033 -76.1922 20.3643883066081 10.837951833431
446712 38.2322 -78.1203 19.1886078731726 7.13268483023606
447338 36.9769 -79.8961 19.9884204421473 6.75257620288056
448062 38.1814 -79.0903 18.1773748238813 5.33669284032785
449263 38.9036 -78.485 19.3276727169801 5.46171257333567
450008 46.9658 -123.8292 14.5936521144046 6.31363542589889
450729 48.9775 -122.7928 14.0661719654348 5.28479476866823
450945 47.1694 -122.0036 15.5740932033603 5.1155680570334
451276 46.72 -122.9528 16.5984595374126 5.97173141594249
451484 48.9672 -122.3292 15.0489963849785 4.86391834618746
451504 47.1856 -120.9469 14.2131877387024 1.6810006493509
451630 48.5472 -117.9019 16.0826937625587 2.3818082465623
451666 48.5467 -119.7492 15.1192581418166 2.22319272445258
452007 47.6503 -118.1456 14.1540112593889 1.27757073061363
452030 46.3153 -118.0022 16.9455935939159 4.03521015376854
452505 46.9692 -120.54 15.4611799236403 2.06112296202978
452675 47.9753 -122.195 15.1927578516026 6.00047862619204
452914 47.9558 -124.3539 14.8667764459769 4.95311096844695
453222 45.8081 -120.8428 16.4884849491091 2.03916476832134
454154 46.2111 -119.1011 18.6571308163143 5.99389341483417
454769 46.1506 -122.9164 16.5560166841585 5.7679313741537
455224 47.1358 -122.2558 15.0999149986981 4.81852974346741
455946 48.9114 -117.8069 15.7379613321001 2.06154927065025
456096 48.6117 -122.8064 14.2699688386554 5.79178164207333
456610 46.4686 -117.5894 17.0920060211863 3.63256876980753
456789 46.7564 -117.1911 14.3695440877498 2.66425673360975
457507 48.4958 -122.2355 15.3186294389232 5.59051747832406
457938 47.6217 -117.5281 14.15844895245 3.03352937208979
458059 48.3511 -120.7267 14.5730102106637 3.38460982330408
458207 46.3236 -120.0103 18.780221015753 4.22132158679619
458773 45.6778 -122.6519 16.5733936448923 5.60105746956626
458928 46.1 -118.2833 17.3322835634551 6.30850501306194
459012 47.6478 -120.0697 13.8113717456439 1.49845178627726
459074 47.4247 -120.315 16.9615850493701 5.20950725010382
459238 47.7569 -118.6775 14.8600343305737 1.45159404307474
459376 48.4539 -120.1936 15.0471213256156 -0.492525496795245
461220 38.98 -80.2206 17.5860046817023 4.06698576302389
463544 38.9339 -80.8325 18.7197490854328 4.82028834270321
465224 37.8564 -80.4042 17.6139655130865 4.27920295504431
465707 39.4019 -77.9844 18.0859675077472 6.00233963769615
466867 39.1031 -79.6658 16.4196924113699 3.615429334355
467029 37.5744 -81.5356 18.6965021488484 5.32780006856459
468384 38.8008 -81.3619 18.5586098986299 4.87386069824719
471078 42.6181 -89.3861 14.3849204436304 1.99457882745892
472001 42.6708 -90.1183 13.4843702221668 1.46382359053472
472839 43.7961 -88.4506 12.8785617245669 2.72616873489383
473405 44.1192 -89.5342 13.1317560534091 1.10789321507555
474546 42.8278 -90.7889 13.3141640198839 2.62153976058865
475017 44.0869 -87.6522 12.2829103512205 2.90376130621689
475120 44.6319 -90.1314 12.2600075887727 0.444880828127467
475255 45.1308 -90.3439 11.0441051637315 -0.340554335232929
475474 43.0719 -88.0294 14.4979135488242 3.88926151689648
475516 45.8864 -89.7322 10.7766541578548 -1.91522754109106
475808 44.5297 -90.6383 12.5611344417908 -0.201752452003652
475932 44.3589 -88.7189 13.0139980113537 1.06223302123734
476208 44.8836 -87.9539 12.5884254845285 0.798339921912384
476330 44.0206 -88.5581 12.8854973929648 2.4395575097782
476718 43.5278 -89.4342 13.9278591128473 2.15544320962476
476827 43.0514 -91.135 14.979274005649 3.0982440358103
476922 42.7022 -87.7861 13.1863753423841 4.35389369041801
478027 45.8236 -91.8761 12.2103095440136 -0.3030943681798
478110 44.9686 -90.9389 12.1542986194425 -0.0816917122861309
478827 43.5594 -90.8761 12.6960606776197 1.0847125982144
478919 43.1742 -88.7364 13.8539104874327 2.7782915649644
480140 43.7728 -111.0339 11.3909334597105 -2.65066804383528
480540 44.3789 -108.0314 16.2958777287852 -0.642472211298814
481675 41.15 -104.8167 14.7258111938798 0.878975252932946
481730 41.7592 -104.8219 16.4562268444684 -0.0242663441555636
481840 44.5219 -109.0633 15.1416554316768 1.17103523400131
481905 44.8711 -104.1533 14.9255147314433 1.41530919413966
482595 43.2281 -108.9489 15.3805244679995 -1.30995186986635
483100 41.265 -110.9508 13.0596889944625 -3.34312522647791
484065 41.5314 -109.4767 14.6954624800799 -2.8524582396096
485345 44.5619 -110.3986 7.7710367943392 -7.91055493440556
485415 41.3125 -105.6744 12.5591469213903 -2.69906630034341
486195 43.4131 -106.2772 15.8324542705927 -0.361722049010407
486440 43.8567 -110.5889 10.305007039662 -5.89907622478986
486660 43.8581 -104.2136 15.3513660217586 1.21913915753954
487115 43.2458 -108.6942 14.9538965908008 -0.577987789803083
487260 42.8797 -109.8642 11.2369827591095 -6.41364182445402
487760 43.0308 -108.3742 15.2548993878626 -2.1968341060827
487845 41.5942 -109.0653 12.4356018672904 -0.786153871985089
488160 44.8406 -106.8383 15.2168516252546 -1.47019622348613
489615 42.1106 -104.9492 17.6993013338674 1.46642004862235
489770 44.0108 -107.9686 15.6834174310304 -1.03669848214248
489905 44.9767 -110.6964 11.6732932863944 -2.32320772884383
