11084 31.0581 -87.0547 1598.69681967213
12813 30.5467 -87.8808 1658.54921311475
13511 32.7017 -87.5808 1311.16049180328
13816 31.87 -86.2542 1328.23262295082
15749 34.7442 -87.5997 1265.73613114754
17157 34.1736 -86.8133 1419.59350819672
17304 34.6736 -86.0536 1361.15685245902
17366 32.41 -87.0153 1306.87996721311
18024 33.4164 -86.135 1328.68232786885
18178 31.5411 -87.8833 1445.20586885246
18323 31.8075 -85.9722 1248.8388852459
18380 33.2119 -87.6161 1345.19232786885
18438 32.0142 -85.7464 1342.67731147541
18469 34.5667 -85.6128 1415.50036065574
23160 35.2681 -111.7428 514.504065573771
26250 34.1547 -114.2897 106.426
26353 31.9356 -109.8378 266.183672131148
26796 34.5706 -112.4322 460.510327868852
27281 33.6731 -111.1508 383.023672131148
27370 33.08 -111.7417 168.772590163934
27390 32.815 -109.6808 230.427967213115
27435 34.5172 -109.4028 262.144655737705
27716 35.3322 -112.8797 297.917016393443
28619 31.7056 -110.0569 323.396131147541
29271 33.8169 -109.9833 411.455016393443
29287 33.9792 -112.7403 284.663213114754
29359 35.2406 -112.1903 533.862196721311
30936 34.8822 -91.2153 1202.40685245902
31596 35.0842 -92.4289 1203.71016393443
31632 36.4197 -90.5858 1176.16573770492
32356 36.4164 -93.7917 1100.5653442623
32444 36.1006 -94.1744 1038.56436065574
32930 36.4261 -94.4481 1149.81636065574
34572 36.4947 -91.535 1078.37990163934
34756 34.5731 -94.2494 1406.25226229508
35186 35.6042 -91.2744 1239.25350819672
35754 34.2256 -92.0189 1264.19131147541
35820 36.2639 -90.9681 1211.57583606557
35908 33.8203 -93.3878 1344.8342295082
36928 35.3028 -93.6369 1159.256
40693 37.8744 -122.2589 589.021836065574
40924 33.6131 -114.5972 86.959606557377
41614 41.5336 -120.1736 318.237016393443
41715 39.6911 -121.8211 559.549508196721
41758 32.64 -117.0858 223.178557377049
41912 39.0911 -120.9481 1126.77731147541
42239 32.9897 -116.5872 830.009540983607
42910 40.8097 -124.1603 998.432360655738
42941 34.7042 -118.4275 393.916524590164
43257 36.78 -119.7194 279.075213114754
43747 36.3219 -119.6356 206.102262295082
43761 41.8042 -123.3758 1092.99947540984
43875 38.6175 -122.8731 1083.04350819672
44259 33.7086 -116.2153 65.9150819672131
44890 36.3817 -119.0264 355.754065573771
44997 37.6922 -121.7692 360.309409836066
45032 38.1061 -121.2878 432.191409836066
45532 37.2858 -120.5117 310.550393442623
45983 41.3206 -122.3081 971.674918032787
46074 38.2778 -122.2647 656.206918032787
46118 34.7675 -114.6189 111.401901639344
46175 33.6025 -117.8803 267.120557377049
46399 34.4478 -119.2275 531.896819672131
46506 39.7458 -122.1997 538.650721311475
46508 41.3089 -123.5317 1326.28806557377
46730 35.6278 -120.6856 372.780393442623
46826 38.2578 -122.6078 623.894786885246
47195 39.9367 -120.9475 897.111344262295
47306 34.0528 -117.1894 319.602786885246
47851 35.3056 -120.6639 554.840098360656
47902 34.4167 -119.6844 420.957114754098
47916 36.9906 -121.9911 763.857114754098
47965 38.4381 -122.6978 765.118786885246
48702 40.4167 -120.6631 305.062327868852
49122 39.1467 -123.2103 969.368098360656
49452 35.5975 -119.3531 168.780918032787
49490 40.7222 -122.9331 774.816590163934
49699 39.5231 -122.3058 445.470196721311
49866 41.7036 -122.6408 482.654131147541
50848 39.9919 -105.2667 476.175049180328
51294 38.46 -105.2256 303.130262295082
51528 39.2203 -105.2783 411.888065573771
51564 38.8236 -102.3486 399.629442622951
52184 37.6742 -106.3247 251.351737704918
52446 38.4775 -102.7808 360.717475409836
53005 40.6147 -105.1314 387.241737704918
53038 40.26 -103.8156 303.825639344262
53146 39.1653 -108.7331 213.93462295082
53662 38.5258 -106.9675 244.139803278689
53951 37.7717 -107.1097 368.304163934426
54770 38.0936 -102.6306 384.285344262295
54834 38.0636 -103.2153 322.509213114754
55322 37.1742 -105.9392 177.437737704918
57167 38.0392 -103.6933 295.056393442623
57936 40.4883 -106.8233 596.562721311475
58429 37.1786 -104.4869 359.872196721311
59243 40.0583 -102.2189 424.342393442623
62658 41.95 -73.3667 1134.65547540984
68138 41.795 -72.2283 1134.62632786885
72730 39.2583 -75.5167 1128.99668852459
80211 29.7258 -85.0206 1411.52796721311
80228 27.2181 -81.8739 1266.64386885246
80478 27.8986 -81.8433 1305.18940983607
82850 25.8489 -81.3897 1264.91583606557
82915 29.755 -81.5389 1207.12042622951
83163 26.1019 -80.2011 1574.4668852459
83186 26.585 -81.8614 1340.72859016393
83207 27.4622 -80.3539 1342.66898360656
84289 28.8031 -82.3125 1311.83921311475
84570 24.555 -81.7522 936.622918032787
84731 30.1853 -82.5942 1346.72465573771
85275 30.4517 -83.4119 1222.80596721311
86414 29.0803 -82.0778 1305.03534426229
86997 30.4781 -87.1869 1594.32885245902
87851 28.3378 -82.26 1367.60262295082
88758 30.3931 -84.3533 1561.94593442623
88824 28.1586 -82.7644 1311.82255737705
88942 28.6242 -80.8158 1319.15524590164
90140 31.5339 -84.1489 1277.874
91340 31.1681 -81.5022 1221.58593442623
91500 31.1903 -84.2036 1295.04606557377
92318 33.5972 -83.8436 1179.01386885246
92966 32.2003 -83.2058 1161.10062295082
93621 34.3006 -83.86 1375.04773770492
93754 31.9881 -81.9522 1143.70786885246
94170 33.2842 -83.4681 1119.59868852459
95874 33.0831 -83.2497 1145.21937704918
96335 33.4544 -84.8178 1222.2646557377
97847 32.13 -81.21 1234.39419672131
98535 32.6875 -84.5197 1262.50075409836
98703 31.4461 -83.4767 1178.85980327869
98740 34.5786 -83.3319 1476.74350819672
99141 33.4028 -82.6222 1207.31613114754
99186 31.2514 -82.3128 1181.14580327869
99291 32.8694 -85.1892 1258.67826229508
100010 42.9536 -112.8253 224.069639344262
100470 44.0425 -111.2739 473.197836065574
101408 44.5733 -116.6753 513.075836065574
101956 47.6789 -116.8017 520.321081967213
103143 46.0931 -115.5356 938.68406557377
103631 42.9403 -115.3231 214.421803278689
103732 42.5872 -111.7275 371.518721311475
104140 42.5972 -114.1378 257.697573770492
104295 42.3528 -114.5739 226.951081967213
104670 42.7325 -114.5192 262.302885245902
104831 47.5311 -116.1267 774.00462295082
105241 46.3747 -117.0156 318.391081967213
105275 42.1231 -111.3139 267.228819672131
105462 43.9181 -113.6317 229.095508196721
105559 42.1492 -112.2872 315.305606557377
105685 44.5664 -113.8953 162.634950819672
106152 46.7244 -116.9608 647.654196721311
106388 44.9647 -116.2864 547.528229508197
106542 42.2342 -113.8981 290.730065573771
106891 44.0772 -116.9297 258.975901639344
107264 48.9958 -116.5031 509.195049180328
107386 48.3514 -116.8358 810.792983606557
108137 48.2928 -116.5578 809.901901639344
110072 41.1961 -90.7478 902.341245901639
110187 37.4814 -89.2344 1219.82875409836
110338 41.7806 -88.3092 909.603147540984
111280 39.2883 -89.8703 881.800557377049
111436 39.4761 -88.1653 992.956786885246
112140 40.1389 -87.6483 1020.88429508197
112193 39.8275 -88.9525 983.021639344262
112483 37.9878 -89.1931 1073.68298360656
113335 41.1744 -90.0356 924.597475409836
113879 37.7408 -88.5244 1084.79652459016
114108 39.15 -89.4833 1011.43216393443
114198 40.4744 -87.6561 951.750491803279
114442 39.7347 -90.1978 967.202852459016
114823 40.5839 -90.9686 966.865573770492
115079 40.1514 -89.3381 939.496032786885
115326 42.2928 -88.6469 834.040229508197
115712 40.9125 -89.0339 890.086786885246
115768 40.9247 -90.6392 939.171245901639
115833 41.8039 -89.9744 917.206491803279
115901 42.0981 -89.9842 931.684491803279
115943 38.3483 -88.8533 1051.23521311475
116446 38.7003 -88.0819 1076.68101639344
116526 41.3283 -88.9106 888.90006557377
116558 39.0028 -87.6225 1066.64593442623
116579 39.3722 -89.0242 983.80862295082
116610 39.6356 -87.6933 1039.88432786885
116910 40.8853 -88.6389 885.79793442623
117551 40.1158 -90.5608 944.351180327869
118147 38.1167 -89.7167 999.639901639344
118740 40.0839 -88.2403 993.652163934426
118916 41.5519 -89.5989 883.736786885246
119241 39.4411 -90.3789 909.499049180328
119354 39.4381 -88.5986 970.175901639344
120177 40.1122 -85.7175 993.227442622951
120200 41.6397 -84.9897 875.050819672131
120676 40.6683 -84.9305 966.407540983607
120784 39.1742 -86.5214 1102.60150819672
121030 39.4239 -85.0128 1013.50996721311
121229 39.8667 -85.1833 853.66068852459
121747 39.1978 -85.9211 1077.96350819672
122149 40.615 -86.6661 939.716721311475
123418 41.5575 -85.8825 927.025049180328
123513 39.6439 -86.8767 1115.11829508197
123527 39.7858 -85.7611 1088.98544262295
124008 41.5422 -87.2881 738.148983606557
124837 41.6117 -86.7297 1061.91986885246
125237 38.7369 -85.3942 1117.09616393443
125337 40.58 -85.6586 986.057147540984
126001 37.9286 -87.8956 1114.68524590164
126580 38.8894 -86.5519 1160.13459016393
126705 38.5556 -86.4858 1155.53344262295
127125 38.3567 -87.5906 1159.11859016393
127482 41.0658 -86.2094 984.304131147541
127522 39.7594 -87.2269 1087.56554098361
127646 39.6042 -85.4528 1077.83859016393
127755 38.6111 -86.0889 981.077081967213
127875 38.6886 -85.785 1042.02875409836
127935 38.9822 -85.9822 1144.39075409836
129080 38.7436 -85.0761 830.500885245902
129253 38.6489 -87.1989 1087.74042622951
129511 41.1947 -87.0578 773.850557377049
129557 39.9961 -86.3542 1046.25098360656
129670 41.0267 -86.5867 963.413672131148
130112 41.0656 -92.7867 909.936262295082
130133 43.0683 -94.3053 752.260557377049
130600 41.8814 -92.2764 901.250295081967
131402 43.0775 -92.6714 856.754491803279
131533 40.7244 -95.0192 905.959704918033
131635 41.7947 -90.2639 891.136098360656
132724 43.43 -94.8219 698.82062295082
132789 41.0211 -91.9553 926.000721311475
132864 42.8503 -91.8158 899.584721311475
132977 43.2844 -93.6306 760.800786885246
132999 42.5836 -94.2006 843.021836065574
134063 41.3656 -93.6481 865.669475409836
134142 42.5189 -93.2536 833.469770491803
134735 42.7817 -96.1458 679.612393442623
134894 41.6381 -95.7883 809.314786885246
135769 40.7053 -94.2428 819.528918032787
135796 40.9486 -91.5647 922.773672131148
135952 43.0453 -92.3122 859.036327868852
137161 42.3969 -94.6292 793.658393442623
137979 42.6347 -95.1694 771.389672131148
138296 42.0356 -92.5806 870.228983606557
138688 41.2828 -91.7067 888.296295081967
140365 37.1942 -99.7633 556.659737704918
141704 37.2706 -99.3272 626.139147540984
141740 37.1764 -94.8397 1049.77367213115
142401 37.8183 -96.8444 892.676754098361
142459 38.7278 -98.2267 670.722393442623
142835 37.8428 -94.7086 1052.34281967213
143527 38.8586 -99.3358 577.346163934426
143810 39.6703 -95.5225 930.789245901639
143954 37.2364 -95.7003 1028.42101639344
144464 37.9411 -101.2492 437.467114754098
144559 38.9583 -95.2514 953.761672131148
144588 39.3256 -94.9189 952.970524590164
144695 37.0222 -100.9294 482.162786885246
144972 39.1972 -96.5814 863.071180327869
145152 38.3772 -97.6097 780.196393442623
145363 39.1247 -97.7047 709.205475409836
145856 39.7408 -99.8356 568.293770491803
146128 38.6133 -95.2808 991.907475409836
147093 39.7675 -101.8097 442.034950819672
147271 38.4819 -100.9189 508.070786885246
147305 37.1317 -96.1861 975.984590163934
148495 39.0297 -99.8831 593.78537704918
150619 37.5733 -84.2908 1090.54275409836
150909 36.9647 -86.4239 1211.4842295082
152791 38.1167 -83.55 1179.04301639344
153430 37.2592 -85.5022 1297.77760655738
153762 37.7558 -87.6456 1088.79390163934
153994 36.8492 -87.5206 1227.77354098361
154703 37.5108 -86.2892 1169.64918032787
160098 31.3206 -92.4611 1456.6108852459
160205 30.7094 -90.525 1577.58983606557
160537 32.7689 -92.0056 1305.09780327869
160549 30.5372 -91.1469 1474.47416393443
161411 32.5133 -92.3478 1330.26462295082
162534 30.0717 -91.0275 1524.08744262295
163313 29.8233 -91.5442 1534.86370491803
163800 30.4192 -92.0439 1496.28901639344
164407 29.5858 -90.7303 1473.1208852459
164700 30.2003 -92.6642 1504.4253442623
165026 30.205 -91.9875 1490.3928852459
166664 29.9167 -90.1303 1561.70442622951
168163 31.9497 -91.2336 1362.21032786885
169806 32.0994 -91.7019 1362.23947540984
170814 45.6603 -69.812 1035.2248852459
171628 44.9197 -69.2417 1079.00449180328
172426 44.9067 -66.9919 1040.61718032787
172765 44.6889 -70.1567 1195.72790163934
173046 44.2203 -69.7889 1111.56645901639
176905 43.6497 -70.3003 1155.25029508197
176937 46.6539 -68.0089 906.767508196721
179891 45.1572 -67.4044 1100.09481967213
180700 39.0303 -76.9314 1025.78108196721
181750 39.2167 -76.0519 1105.2331147541
185111 39.0847 -76.9003 1099.18708196721
186620 39.4133 -79.4 1195.08249180328
187330 38.2122 -75.6822 991.091344262295
187806 38.7144 -76.1897 1156.97
188000 38.365 -75.5892 1141.45518032787
190120 42.3861 -72.5375 1113.87744262295
190736 42.2122 -71.1136 1305.44340983607
194105 42.6992 -71.1658 1093.34924590164
200032 41.9164 -84.0158 876.641442622951
200146 43.3864 -84.6492 795.669573770492
200230 42.2947 -83.7108 855.288786885246
200779 43.7072 -85.4822 861.617967213115
201492 45.6528 -84.4725 732.282
201675 41.9622 -84.9925 891.660754098361
202423 44.2839 -83.5036 721.497409836066
203632 43.6747 -86.4239 862.90462295082
203823 41.9353 -84.6411 917.910196721311
204090 45.7858 -88.0842 749.208393442623
204104 46.4656 -90.1892 872.369245901639
205650 42.6083 -82.8183 634.829278688525
205662 43.5858 -84.7697 708.293573770492
205690 46.4122 -86.6625 821.365213114754
206300 43.0161 -84.18 746.156229508197
207690 42.4011 -86.2833 818.496262295082
207812 46.0556 -88.6275 765.443573770492
210018 47.2992 -96.5161 572.95737704918
210075 43.6064 -93.3019 811.334295081967
210252 48.3311 -96.8253 489.495475409836
211630 46.7047 -92.5253 778.772327868852
212142 46.8372 -95.8372 613.755606557377
212698 43.6447 -94.4656 778.838950819672
213290 43.7047 -92.5644 843.812983606557
213303 47.2436 -93.4975 700.536163934426
214106 47.2256 -95.1919 681.715180327869
214652 47.2467 -94.2228 637.635770491803
215400 45.1219 -95.9269 648.545278688525
215435 44.8831 -93.2289 722.076196721311
215563 44.9364 -95.7536 677.401344262295
215615 45.8775 -93.3147 724.195639344262
215638 45.5903 -95.8747 635.770327868853
216360 46.9006 -95.0678 650.56062295082
216547 46.6694 -94.1089 704.196262295082
216565 44.0139 -96.3258 659.338196721311
217405 44.3222 -93.9656 729.138229508197
217460 46.7953 -93.3211 673.070852459016
218419 47.0258 -91.6653 740.913836065574
219046 43.7692 -94.1872 793.391901639344
220021 33.83 -88.5214 1337.56816393443
220488 34.3061 -89.9806 1348.41937704918
220955 34.6628 -88.5797 1382.74268852459
221094 31.5447 -90.4581 1481.58616393443
221389 32.6714 -90.0361 1244.18360655738
221707 34.1864 -90.5572 1302.8451147541
221865 31.2503 -89.8361 1533.38967213115
221962 34.8792 -88.6178 1328.87386885246
222094 31.9461 -90.3775 738.590360655738
223107 32.36 -89.4208 1431.36078688525
223605 33.3592 -91.06 1212.75839344262
223887 31.2547 -89.3392 1518.96580327869
223975 34.8161 -89.9853 1277.45760655738
224776 33.0583 -89.5797 1401.71773770492
224939 31.6756 -89.1236 1425.41052459016
225247 33.1353 -89.0711 1359.71196721311
225987 31.5519 -90.1058 1456.03626229508
226009 33.4519 -90.5094 1367.54016393443
226177 31.5889 -91.3408 1448.60780327869
226718 30.3964 -88.4781 1484.49675409836
227128 30.8408 -89.5453 1535.5257704918
227132 31.985 -90.9719 1386.91078688525
228374 33.4692 -88.7822 1343.406
229079 34.3803 -89.5358 1423.64501639344
229400 34.1583 -89.6311 1354.79852459016
229439 31.6772 -88.6708 1319.2593442623
229793 31.0928 -91.2328 1506.17003278689
230204 38.1869 -94.0281 1032.59744262295
231037 39.4247 -93.1331 949.447836065574
231364 36.1686 -89.6642 1187.99963934426
231711 38.395 -93.7711 1015.03396721311
231822 40.2394 -94.6833 914.391672131148
232289 36.6206 -90.8125 1224.41740983607
232809 37.7922 -90.4103 1057.14383606557
234271 38.585 -92.1825 969.942721311475
234705 37.4994 -94.2697 1139.57724590164
234825 37.685 -92.6936 1047.95819672131
235253 37.3036 -89.9664 1204.03078688525
235541 39.1756 -91.8861 976.209442622951
235671 39.4194 -92.4369 985.965540983607
235834 37.1528 -92.2636 1081.02816393443
235976 36.8639 -94.36 1121.29757377049
238051 39.9714 -91.8872 925.213737704918
238523 40.475 -93.0031 754.421639344262
238725 38.835 -91.1386 776.548786885246
240199 46.1314 -112.9569 180.777213114754
240364 47.4931 -112.3964 327.69331147541
240780 45.8328 -109.9503 387.887147540984
241044 45.6622 -111.0453 483.894983606557
241552 47.2194 -111.71 403.264557377049
241722 48.5883 -109.2256 305.995049180328
241737 47.8206 -112.1919 274.240885245902
242173 48.6033 -112.3753 286.133081967213
242409 45.2128 -112.6447 287.103278688525
242689 45.8903 -104.5461 418.183934426229
242793 45.3394 -111.7111 319.952557377049
243013 46.8511 -108.3133 336.054491803279
243110 48.4983 -109.7972 308.922295081967
243558 48.2139 -106.6214 299.02462295082
243581 47.1064 -104.7183 341.646655737705
243751 47.4733 -111.3822 381.095770491803
243885 46.2553 -114.1642 324.374655737705
244038 44.8667 -111.3392 701.747868852459
244055 46.6056 -111.9636 287.169901639344
244345 45.9228 -108.2444 334.971868852459
244364 45.9353 -107.1375 287.986032786885
244522 47.3144 -106.9103 314.947508196721
244558 48.3042 -114.2636 417.60931147541
245015 48.4036 -115.5392 452.669639344262
245572 48.4828 -104.4514 334.87193442623
245690 46.4267 -105.8825 338.677770491803
245761 47.0575 -109.9514 383.323475409836
246157 45.4856 -111.6325 443.038459016393
246601 46.4178 -104.5164 342.93331147541
246918 45.1797 -109.2497 571.246
247382 47.4536 -104.3378 354.567344262295
248501 48.3089 -112.2511 310.691967213115
248569 47.88 -105.3686 355.000393442623
248597 45.2925 -111.9481 399.920918032787
250130 42.1103 -102.8967 359.676491803279
250375 41.0406 -96.3775 753.380655737705
250420 42.5136 -99.0303 575.076819672131
250435 40.3703 -95.7467 825.824786885246
250640 40.1306 -99.8278 597.50793442623
251145 41.6675 -103.1042 420.095180327869
251200 41.4083 -99.675 560.482229508197
252020 40.6194 -96.9469 736.266885245902
252100 40.6742 -100.4936 492.905737704918
252205 41.2492 -97.1328 747.971704918033
252820 40.0739 -97.1669 782.973737704918
252840 40.6422 -97.5928 677.030754098361
253175 40.5314 -97.5964 695.780950819672
253185 41.4514 -97.7644 688.419114754098
253365 40.94 -100.1522 557.184393442623
253615 42.6858 -103.8842 432.220557377049
253630 42.6167 -97.2608 667.495344262295
253735 40.175 -97.5903 737.861672131148
254110 40.5208 -101.655 482.179442622951
254440 41.2453 -103.6344 429.588950819672
255080 41.8292 -97.45 668.028327868852
255565 40.5156 -98.9514 640.442262295082
256135 42.0678 -97.9675 656.027868852459
256970 42.065 -100.2472 528.35331147541
257715 40.9 -97.0908 695.697672131148
258395 40.6825 -96.1886 785.938459016393
258465 40.3544 -96.1939 819.949475409836
258480 41.7861 -96.2264 745.535803278688
258915 42.2667 -96.8617 714.97668852459
260507 39.4931 -117.0675 289.768196721311
260691 40.6117 -116.8917 201.417836065574
262573 40.8289 -115.7886 241.133442622951
262780 39.4572 -118.7811 119.967114754098
264950 39.4136 -114.7733 213.788885245902
265168 38.3844 -118.1056 132.712918032787
266779 39.4839 -119.7711 187.572754098361
267369 35.4661 -114.9217 187.60606557377
269171 40.9017 -117.8081 205.465180327869
272174 43.15 -70.95 1094.96068852459
272999 45.0875 -71.2872 1090.08055737705
273850 43.7031 -72.2847 950.155704918033
274399 42.9389 -72.3244 1038.75590163934
280325 39.3792 -74.4242 988.85531147541
280907 40.9 -74.4 1080.00383606557
281582 41.0347 -74.4233 1301.47101639344
283029 40.5631 -74.8831 1210.85131147541
283951 40.265 -74.5642 1159.55580327869
284229 39.8144 -74.7883 1165.0188852459
284987 40.2797 -74.0047 1064.3557704918
285728 39.9511 -74.9697 1107.11937704918
287079 40.6036 -74.4025 1193.24619672131
288816 39.95 -74.2167 1196.47740983607
290692 36.835 -108.0006 252.226163934426
291469 32.3478 -104.2225 299.257803278689
291515 33.6308 -105.8964 321.743049180328
291664 36.9178 -106.5781 532.588032786885
291813 36.4661 -104.9456 413.840950819672
291887 36.4486 -103.1539 355.079508196721
292608 36.9358 -107 428.635409836066
292848 33.1461 -107.1844 233.617540983607
293265 32.7939 -108.1517 388.170295081967
293294 34.4667 -104.2319 348.854426229508
294369 35.7783 -106.6872 401.969573770492
294426 32.6169 -106.7411 243.577672131148
295273 33.8225 -108.9417 397.934721311475
295965 34.5208 -106.2606 331.395049180328
296435 32.3789 -106.0911 230.240590163934
297323 36.7058 -105.4036 506.047114754098
297610 33.3075 -104.5083 266.504295081967
297867 35.1086 -103.3283 421.398491803279
298501 36.3628 -104.585 363.923704918033
299156 35.2006 -103.6867 397.15606557377
299165 33.0719 -106.0417 242.270196721311
300023 42.1014 -77.2344 666.52931147541
300042 42.7431 -73.8092 959.749409836066
300085 42.2614 -77.785 903.940196721312
300093 42.1003 -78.75 1094.32360655738
300183 42.3017 -77.9889 899.976131147541
300321 42.9328 -76.5447 635.149901639344
300687 42.2067 -75.98 971.987213114754
300889 40.9464 -72.3067 1216.79324590164
301012 42.9408 -78.7358 994.205967213115
301185 44.5772 -75.1097 898.87268852459
301401 44.8786 -73.3953 672.392131147541
301752 42.7167 -74.9267 1052.95491803279
301966 44.7192 -73.7206 953.844950819672
302610 42.0997 -76.8358 884.473803278688
303033 42.4497 -79.312 1000.51016393443
303773 42.7747 -77.6083 831.546032786885
304102 43.755 -74.2692 1013.52245901639
304174 42.4489 -76.4489 910.152786885246
304555 44.2444 -73.9847 985.507508196721
304791 43.0603 -74.8686 924.543344262295
304912 43.7975 -75.4817 1033.20121311475
305426 41.7681 -74.155 1267.78062295082
305512 42.8417 -75.7264 912.738590163934
305801 40.7789 -73.9692 1204.48881967213
306085 42.5117 -75.5197 1058.19731147541
306164 44.7281 -75.4442 758.585573770492
306314 43.4622 -76.4933 1031.70636065574
306774 41.38 -74.6847 1108.70167213115
306820 41.5997 -73.91 1041.50409836066
307167 43.1167 -77.6767 834.856360655738
307633 40.9586 -73.1047 998.161704918033
308383 43.1092 -76.1033 986.50268852459
308600 42.75 -73.6831 868.442655737705
308631 44.2308 -74.4383 1008.61318032787
309000 43.9761 -75.8753 1055.04104918033
309292 41.3906 -73.9608 1262.41747540984
310090 35.3992 -80.1994 1165.22708196721
311677 35.9086 -79.0794 1162.86196721311
312635 36.0164 -76.5517 1207.32862295082
312719 36.3097 -76.205 1184.08554098361
313969 36.3481 -78.4119 1091.79193442623
313976 35.3297 -82.4492 1391.30790163934
314055 35.0536 -83.1892 2066.24836065574
314684 35.1967 -77.5433 1274.55950819672
314938 35.915 -81.5378 1208.72354098361
315123 36.1028 -78.3039 1129.92108196721
315177 34.6269 -79.025 1120.51475409836
315340 35.6631 -82.0292 1274.04318032787
315356 35.8036 -82.6658 998.582262295082
315771 34.9797 -80.5233 1179.75921311475
315830 34.7336 -76.7358 1287.18872131148
315838 35.7308 -81.6717 1244.14613114754
315890 36.4992 -80.6508 1172.70967213115
317615 35.6836 -80.4822 1074.17016393443
318113 33.9947 -78.0078 1327.32904918033
318292 35.81 -80.8808 1140.63904918033
318500 35.8847 -77.5386 1148.17160655738
318694 36.3919 -81.3039 1394.94718032787
319147 35.4867 -82.9683 1197.05619672131
319476 35.6939 -77.9456 1187.17518032787
320941 48.8214 -100.4447 452.84868852459
321871 48.9075 -103.2944 379.621737704918
322188 46.8911 -102.8111 414.952721311475
323287 46.1581 -98.4 539.949868852459
323594 48.4181 -97.4247 445.532655737705
323621 47.9217 -97.0981 495.84131147541
324203 47.4389 -97.0664 492.47268852459
324418 46.8844 -98.685 470.999278688525
324958 48.7622 -98.3447 474.488655737705
325220 46.4522 -97.6822 476.937049180328
325479 46.8128 -100.9097 427.665213114754
326255 46.5067 -99.7692 467.126819672131
326315 46.5414 -102.8692 407.628360655738
326947 48.9711 -97.2417 474.442852459016
327530 46.8886 -102.3192 434.960426229508
328792 48.3706 -100.3908 403.864163934426
329445 48.6061 -100.2911 419.920295081967
331072 40.8128 -82.9694 952.196032786885
331541 41.0517 -81.9361 954.586131147541
331592 39.6106 -82.9547 983.246491803279
332098 41.2778 -84.3853 892.805836065574
332791 41.0461 -83.6622 933.337573770492
333375 40.1 -84.65 942.335836065574
333758 39.2 -83.6167 1075.34439344262
333780 41.3 -81.15 1054.1166557377
334189 40.6489 -83.6061 882.237770491803
335041 39.6539 -81.8569 1052.07216393443
335315 40.7692 -80.8561 933.933016393443
336118 41.2667 -82.6167 927.720426229508
336600 39.8386 -81.9167 927.03337704918
336781 38.7569 -82.8872 1035.64127868852
338313 41.1167 -83.1667 906.201213114754
338534 40.8333 -83.2833 911.189606557377
338552 40.1 -83.7833 1002.15075409836
338769 41.2 -80.8167 955.914426229508
338822 41.5183 -84.1453 881.080196721311
338830 39.1114 -82.9797 970.475704918033
339312 40.7833 -81.9167 967.710852459016
340017 34.7864 -96.685 985.066131147541
340179 34.5903 -99.3344 647.333573770492
340256 34.2208 -95.615 1059.25078688525
340548 36.7683 -96.0261 941.094983606557
340593 36.8125 -100.5308 504.689672131148
340908 36.7236 -102.4806 427.053114754098
341243 36.8003 -99.6403 629.070557377049
341828 36.3225 -95.5808 1031.73967213115
342678 34.0003 -96.3686 972.940754098361
342912 36.4194 -97.8747 831.812524590164
342944 35.2164 -99.8628 620.617770491803
343628 36.5914 -101.6181 406.462459016393
343821 35.8161 -97.395 870.841081967213
344055 36.0942 -97.835 780.308819672131
344204 34.9894 -99.0525 634.275475409836
344235 35.0567 -96.3861 938.654918032787
344298 36.8589 -101.2172 455.613540983607
344573 36.7222 -97.7903 819.058393442623
345509 34.8911 -99.5017 644.506262295082
345779 35.505 -96.9767 891.515016393443
345855 36.8833 -94.8833 979.35737704918
346130 35.7781 -95.3339 1026.32655737705
346139 36.2283 -99.17 614.750786885246
346278 36.8914 -97.0586 867.439147540984
346629 36.1217 -98.315 716.962885245902
346638 35.4253 -96.3033 1005.77337704918
346670 35.6239 -96.025 973.68193442623
346926 34.7253 -97.2814 879.660295081967
346935 36.6692 -96.3472 992.253081967213
349422 35.52 -98.6986 718.207901639344
350304 42.2128 -122.7144 488.850065573771
350412 44.8428 -117.8086 263.148163934426
350694 44.0569 -121.285 284.226
351765 45.2325 -120.1817 347.292950819672
351862 44.6342 -123.19 1073.29573770492
351897 43.7917 -123.0275 1112.17439344262
351946 42.8967 -122.1328 1687.12213114754
352135 42.9447 -117.3389 234.979147540984
352406 43.6656 -123.3275 1206.85393442623
352440 45.4539 -121.1303 326.877180327869
352997 45.5247 -123.1028 1130.22504918033
353445 42.4244 -123.3236 785.455442622951
353770 45.4486 -122.1547 2022.90180327869
353827 45.3653 -119.5639 346.431016393443
354003 45.6847 -121.5175 774.762459016393
355362 44.1781 -122.1156 1227.39462295082
355384 45.2214 -123.1622 961.464950819672
355593 45.9428 -118.4089 362.749475409836
355734 45.4825 -120.7236 286.012327868852
356032 44.6431 -124.0556 1651.75367213115
356073 43.4133 -124.2436 1592.80068852459
356426 42.6922 -120.5403 249.573737704918
356883 44.3022 -120.8081 243.132131147541
356907 42.7342 -122.5164 1044.51045901639
358746 45.2081 -117.8758 351.973213114754
358797 43.9814 -117.2439 241.058491803279
358997 45.5722 -117.5314 423.975967213115
360106 40.6508 -75.4492 1149.26672131148
361354 39.9353 -77.6394 1022.82885245902
362682 42.08 -80.1825 1043.32790163934
363028 41.4003 -79.8303 1074.03691803279
367477 41.42 -78.7497 1087.19078688525
367931 40.7831 -76.8611 744.848754098361
368449 40.7933 -77.8672 967.710852459016
368905 41.7511 -76.4431 860.776852459016
369050 39.915 -79.7192 1050.76468852459
369298 41.85 -79.15 1142.75432786885
369408 41.7003 -77.3894 822.185508196721
369464 39.9708 -75.635 1017.30747540984
369728 41.2433 -76.9217 1059.88786885246
369933 39.9167 -76.75 1052.61763934426
374266 41.4906 -71.5414 1278.73593442623
376698 41.7219 -71.4325 1175.68272131148
380165 34.5283 -82.6606 1221.55678688525
381549 32.78 -79.9319 1153.72213114754
381588 34.7319 -79.8833 1181.81619672131
381770 34.6603 -82.8236 1319.59245901639
381944 33.9831 -81.0167 1143.16655737705
383754 34.1997 -82.1711 1095.64357377049
385017 34.4989 -82.0219 1138.91518032787
385200 34.1942 -81.415 1170.39868852459
386209 34.2978 -81.6236 1039.96760655738
387631 33.9978 -81.7747 1173.65072131148
387722 34.635 -81.5206 1168.21262295082
388426 33.0367 -80.2325 1195.59049180328
388440 33.9364 -80.3569 1181.79954098361
388887 34.7483 -83.0842 1508.95154098361
389327 34.3739 -81.0928 1128.30963934426
389350 34.9381 -81.0317 1158.50649180328
389469 32.68 -80.8417 1204.8968852459
390020 45.4433 -98.4131 503.040754098361
390043 43.4892 -99.0631 561.793868852459
390128 43.6567 -97.7853 580.32337704918
391392 43.3056 -96.5917 567.764950819672
391739 44.8817 -97.7325 562.085344262295
391972 43.9611 -101.8606 405.82537704918
392429 45.0481 -101.5992 422.36868852459
392797 45.7644 -99.6353 465.836
392927 45.0364 -99.1342 501.949803278689
393029 44.0422 -98.07 560.39062295082
393832 44.5222 -99.455 517.173147540984
394007 43.4378 -103.4739 414.990196721311
394037 44.0122 -97.5242 592.48206557377
394516 43.9072 -99.8628 463.104459016393
395456 45.155 -98.5825 512.380459016393
395481 43.2358 -97.5714 602.871081967213
395891 43.8894 -100.7078 473.880721311475
396947 44.115 -103.2828 440.944
398622 42.7625 -96.9194 630.927672131148
398932 44.9047 -97.1494 539.137901639344
399442 43.4978 -100.4794 469.142163934426
401790 36.5467 -87.3567 1263.2377704918
402108 35.5497 -89.7 1337.09763934426
402202 36.0147 -85.1311 1492.30829508197
402489 36.0747 -87.3936 1330.35206557377
402589 36.4819 -87.8628 1297.23213114754
404561 35.6214 -88.8456 1319.67573770492
405187 35.4139 -86.8086 1378.89521311475
405882 35.6717 -85.7811 1329.91901639344
406371 35.9203 -86.3728 1338.80901639344
406534 35.9833 -83.2008 1117.47091803279
407884 36.4161 -82.9839 1126.26098360656
409155 35.3453 -86.2089 1430.39059016393
409219 36.3925 -89.0317 1304.71055737705
409502 35.3042 -87.7592 1463.26485245902
410174 30.3764 -103.66 370.623475409836
410493 31.7414 -99.9764 570.563114754098
410498 30.9844 -103.7403 307.298360655738
410639 28.4575 -97.7061 790.156524590164
410832 30.1058 -98.4286 861.030852459016
411048 30.1592 -96.3972 1065.58829508197
411138 31.7383 -98.9456 687.207409836066
412015 27.7742 -97.5122 778.214360655738
412019 32.1078 -96.4747 956.934590163934
412121 33.6517 -101.245 548.60668852459
412266 29.0567 -96.2319 1090.70098360656
412598 32.0628 -98.3047 827.452885245902
412679 28.7567 -100.4789 500.842196721311
412797 31.8111 -106.3758 220.763475409836
412906 28.0239 -99.3508 483.345344262295
413063 27.1394 -98.12 614.147016393443
413183 29.6778 -97.1111 939.83331147541
413280 30.9072 -102.9153 308.51006557377
413734 33.1678 -96.0983 1039.3846557377
413873 29.4706 -96.9397 985.099442622951
413992 33.1578 -99.7456 623.253540983607
415018 31.0717 -98.1847 746.735016393443
415429 29.6753 -97.6564 886.714
415618 32.5403 -94.3508 1207.85327868852
415707 31.1333 -102.2217 337.640950819672
416276 29.7192 -98.1189 811.425901639344
416794 33.6744 -95.5586 1064.45570491803
417079 34.1892 -101.7022 493.276327868852
417622 26.3769 -98.8117 532.629672131148
417945 29.5333 -98.47 774.108721311475
418201 32.7136 -102.6597 427.594426229508
418433 32.71 -100.9111 503.436327868852
418692 36.3372 -102.0753 424.442327868852
419532 32.7483 -97.77 837.871049180328
420086 37.4403 -112.4819 414.211540983607
420738 37.6131 -109.4847 319.486196721312
420788 37.2828 -109.5578 188.934360655738
422101 39.2872 -112.6519 203.2
422253 40.1678 -110.395 212.169114754098
422592 37.7686 -111.5978 250.722983606557
422828 38.9664 -112.3278 384.676754098361
422996 40.2842 -109.8611 151.638
423611 38.3706 -110.7153 141.174032786885
423809 40.4917 -111.4261 387.616491803279
424856 41.825 -111.3208 317.795639344262
425065 39.5608 -111.8653 362.154032786885
425186 41.7456 -111.8033 465.257213114754
425402 39.2583 -111.6306 335.97537704918
425477 38.45 -112.2292 177.371114754098
425733 38.5744 -109.5458 213.318360655738
425826 41.0428 -111.6722 443.700524590164
426404 41.2442 -111.9464 522.436360655738
427260 38.7619 -112.0775 201.276262295082
427516 37.1069 -113.5611 191.203704918033
427714 39.2453 -112.1067 310.517081967213
428119 40.0797 -111.6044 513.26737704918
428771 40.5278 -112.2975 462.771344262295
429111 40.4269 -109.5531 210.003868852459
429382 40.7206 -114.0358 109.174196721311
429595 41.525 -111.1494 235.620393442623
429717 37.2083 -112.9842 386.296524590164
431081 44.4681 -73.1503 901.325245901639
431243 43.3847 -72.5989 1150.22859016393
431580 43.9572 -73.2106 833.740426229508
432769 44.9094 -72.8083 1014.1262295082
437054 44.42 -72.0194 953.453540983607
441209 37.0925 -81.3358 1126.81478688525
441593 38.0325 -78.5231 1169.95731147541
442208 38.4553 -78.9353 891.215213114754
442941 37.3264 -78.3864 1093.09524590164
444101 37.2992 -77.2772 1135.25924590164
444128 37.9969 -79.8317 1015.71685245902
444876 37.795 -79.4136 984.491508196721
444909 39.0878 -77.6928 1012.29409836066
446139 36.9033 -76.1922 1165.77255737705
446712 38.2322 -78.1203 1064.32662295082
447338 36.9769 -79.8961 1100.86931147541
448062 38.1814 -79.0903 922.627934426229
449263 38.9036 -78.485 916.885868852459
450008 46.9658 -123.8292 2097.278
450729 48.9775 -122.7928 982.684360655738
450945 47.1694 -122.0036 1222.80596721311
451276 46.72 -122.9528 1165.47691803279
451484 48.9672 -122.3292 1169.54924590164
451504 47.1856 -120.9469 496.332655737705
451630 48.5472 -117.9019 145.154754098361
451666 48.5467 -119.7492 299.286950819672
452007 47.6503 -118.1456 354.475737704918
452030 46.3153 -118.0022 467.655639344262
452505 46.9692 -120.54 208.096786885246
452675 47.9753 -122.195 905.930557377049
452914 47.9558 -124.3539 3009.3753442623
453222 45.8081 -120.8428 268.423868852459
454154 46.2111 -119.1011 189.767147540984
454769 46.1506 -122.9164 1180.36298360656
455224 47.1358 -122.2558 1075.7857704918
455946 48.9114 -117.8069 488.712655737705
456096 48.6117 -122.8064 720.160786885246
456610 46.4686 -117.5894 403.506065573771
456789 46.7564 -117.1911 532.987770491803
457507 48.4958 -122.2355 1166.60118032787
457938 47.6217 -117.5281 421.906491803279
458059 48.3511 -120.7267 846.669442622951
458207 46.3236 -120.0103 166.107672131148
458773 45.6778 -122.6519 1026.20996721311
458928 46.1 -118.2833 454.281081967213
459012 47.6478 -120.0697 260.458262295082
459074 47.4247 -120.315 221.70868852459
459238 47.7569 -118.6775 308.693278688525
459376 48.4539 -120.1936 360.759114754098
461220 38.98 -80.2206 1164.57334426229
463544 38.9339 -80.8325 1099.0413442623
465224 37.8564 -80.4042 956.359967213115
465707 39.4019 -77.9844 958.546032786885
466867 39.1031 -79.6658 1206.72068852459
467029 37.5744 -81.5356 1148.66295081967
468384 38.8008 -81.3619 1083.70557377049
471078 42.6181 -89.3861 878.87331147541
472001 42.6708 -90.1183 725.786262295082
472839 43.7961 -88.4506 740.738950819672
473405 44.1192 -89.5342 784.585180327869
474546 42.8278 -90.7889 856.854426229508
475017 44.0869 -87.6522 742.841737704918
475120 44.6319 -90.1314 827.856786885246
475255 45.1308 -90.3439 822.780950819672
475474 43.0719 -88.0294 794.83262295082
475516 45.8864 -89.7322 798.879967213115
475808 44.5297 -90.6383 799.400459016393
475932 44.3589 -88.7189 756.944983606557
476208 44.8836 -87.9539 764.365114754098
476330 44.0206 -88.5581 772.996950819672
476718 43.5278 -89.4342 849.142819672131
476827 43.0514 -91.135 827.119770491803
476922 42.7022 -87.7861 875.346459016393
478027 45.8236 -91.8761 754.109344262295
478110 44.9686 -90.9389 769.611672131148
478827 43.5594 -90.8761 816.701606557377
478919 43.1742 -88.7364 863.604163934426
480140 43.7728 -111.0339 584.591409836066
480540 44.3789 -108.0314 163.005540983607
481675 41.15 -104.8167 372.189114754098
481730 41.7592 -104.8219 402.119475409836
481840 44.5219 -109.0633 247.608360655738
481905 44.8711 -104.1533 350.690721311475
482595 43.2281 -108.9489 224.140426229508
483100 41.265 -110.9508 268.473836065574
484065 41.5314 -109.4767 178.78268852459
485345 44.5619 -110.3986 479.193901639344
485415 41.3125 -105.6744 266.945672131148
486195 43.4131 -106.2772 310.342196721311
486440 43.8567 -110.5889 600.285278688525
486660 43.8581 -104.2136 375.178819672131
487115 43.2458 -108.6942 184.404
487260 42.8797 -109.8642 246.071868852459
487760 43.0308 -108.3742 206.34793442623
487845 41.5942 -109.0653 212.926950819672
488160 44.8406 -106.8383 360.017934426229
489615 42.1106 -104.9492 324.970098360656
489770 44.0108 -107.9686 182.359508196721
489905 44.9767 -110.6964 356.420295081967
